step,capsule_payload_bytes,capsule_scalar_values_sent,contact_threshold_rx_power_dbm,contact_threshold_snr_db,expert_bank_advertisement_bytes,expert_bank_advertisement_scalar_values,expert_bank_manifest_records,expert_bank_model_messages,feasible_contact_decisions,feasible_contact_pairs,greedy_comm_bytes,greedy_comm_cumulative_mb,greedy_comm_mb,greedy_events,local_policy_initial_pull_probability,model_parameter_values_pulled,model_payload_bytes,model_transfer_snr_min_db,noise_floor_dbm,propagation_loss_contact_threshold_db,rssi_gossip_threshold_dbm,snr_min_db,weighted_single_model_pulls
1,0,0,-100.0,0.0,0,0,0,0,42,21,0,0.0,0.0,0,1.0,0,0,0.0,-100.0,123.0,-100.0,0.0,0
2,33528,8382,-100.0,0.0,196,49,49,8,56,28,145504,0.145504,0.145504,8,1.0,36360,145440,0.0,-100.0,123.0,-100.0,0.0,8
3,71920,17980,-100.0,0.0,224,56,56,8,56,28,145504,0.291008,0.145504,8,1.0,36360,145440,0.0,-100.0,123.0,-100.0,0.0,8
4,106008,26502,-100.0,0.0,256,64,64,9,72,36,163692,0.4547,0.163692,9,1.0,40905,163620,0.0,-100.0,123.0,-100.0,0.0,9
5,130056,32514,-100.0,0.0,288,72,72,9,72,36,163692,0.618392,0.163692,9,1.0,40905,163620,0.0,-100.0,123.0,-100.0,0.0,9
6,168248,42062,-100.0,0.0,324,81,81,10,90,45,181880,0.800272,0.18188,10,1.0,45450,181800,0.0,-100.0,123.0,-100.0,0.0,10
7,192656,48164,-100.0,0.0,288,72,72,10,80,40,181880,0.982152,0.18188,10,1.0,45450,181800,0.0,-100.0,123.0,-100.0,0.0,10
8,215712,53928,-100.0,0.0,328,82,82,10,82,41,181880,1.164032,0.18188,10,1.0,45450,181800,0.0,-100.0,123.0,-100.0,0.0,10
9,252640,63160,-100.0,0.0,400,100,100,11,110,55,200068,1.3641,0.200068,11,1.0,49995,199980,0.0,-100.0,123.0,-100.0,0.0,11
10,284264,71066,-100.0,0.0,416,104,104,11,104,52,200068,1.564168,0.200068,11,1.0,49995,199980,0.0,-100.0,123.0,-100.0,0.0,11
11,369128,92282,-100.0,0.0,424,106,106,11,106,53,200068,1.764236,0.200068,11,1.0,49995,199980,0.0,-100.0,123.0,-100.0,0.0,11
12,377472,94368,-100.0,0.0,408,102,102,11,102,51,200068,1.964304,0.200068,11,1.0,49995,199980,0.0,-100.0,123.0,-100.0,0.0,11
13,392208,98052,-100.0,0.0,356,89,89,11,96,48,200068,2.164372,0.200068,11,1.0,49995,199980,0.0,-100.0,123.0,-100.0,0.0,11
14,407568,101892,-100.0,0.0,400,100,100,11,100,50,200068,2.36444,0.200068,11,1.0,49995,199980,0.0,-100.0,123.0,-100.0,0.0,11
15,498496,124624,-100.0,0.0,496,124,124,13,146,73,236444,2.600884,0.236444,13,1.0,59085,236340,0.0,-100.0,123.0,-100.0,0.0,13
16,561064,140266,-100.0,0.0,648,162,162,14,174,87,254632,2.855516,0.254632,14,1.0,63630,254520,0.0,-100.0,123.0,-100.0,0.0,14
17,642584,160646,-100.0,0.0,684,171,171,15,182,91,272820,3.128336,0.27282,15,1.0,68175,272700,0.0,-100.0,123.0,-100.0,0.0,15
18,797640,199410,-100.0,0.0,652,163,163,15,174,87,272820,3.401156,0.27282,15,1.0,68175,272700,0.0,-100.0,123.0,-100.0,0.0,15
19,924560,231140,-100.0,0.0,672,168,168,15,180,90,272820,3.673976,0.27282,15,1.0,68175,272700,0.0,-100.0,123.0,-100.0,0.0,15
20,915560,228890,-100.0,0.0,704,176,176,15,176,88,272820,3.946796,0.27282,15,1.0,68175,272700,0.0,-100.0,123.0,-100.0,0.0,15
21,978304,244576,-100.0,0.0,696,174,174,15,174,87,272820,4.219616,0.27282,15,1.0,68175,272700,0.0,-100.0,123.0,-100.0,0.0,15
22,827856,206964,-100.0,0.0,408,102,102,12,102,51,218256,4.437872,0.218256,12,1.0,54540,218160,0.0,-100.0,123.0,-100.0,0.0,12
23,841856,210464,-100.0,0.0,408,102,102,12,102,51,218256,4.656128,0.218256,12,1.0,54540,218160,0.0,-100.0,123.0,-100.0,0.0,12
24,791168,197792,-100.0,0.0,328,82,82,11,82,41,200068,4.856196,0.200068,11,1.0,49995,199980,0.0,-100.0,123.0,-100.0,0.0,11
25,779984,194996,-100.0,0.0,336,84,84,10,84,42,181880,5.038076,0.18188,10,1.0,45450,181800,0.0,-100.0,123.0,-100.0,0.0,10
26,725416,181354,-100.0,0.0,264,66,66,9,66,33,163692,5.201768,0.163692,9,1.0,40905,163620,0.0,-100.0,123.0,-100.0,0.0,9
27,812696,203174,-100.0,0.0,268,67,67,10,68,34,181880,5.383648,0.18188,10,1.0,45450,181800,0.0,-100.0,123.0,-100.0,0.0,10
28,817008,204252,-100.0,0.0,232,58,58,10,58,29,181880,5.565528,0.18188,10,1.0,45450,181800,0.0,-100.0,123.0,-100.0,0.0,10
29,733856,183464,-100.0,0.0,176,44,44,9,44,22,163692,5.72922,0.163692,9,1.0,40905,163620,0.0,-100.0,123.0,-100.0,0.0,9
30,587856,146964,-100.0,0.0,168,42,42,7,42,21,127316,5.856536,0.127316,7,1.0,31815,127260,0.0,-100.0,123.0,-100.0,0.0,7
31,504776,126194,-100.0,0.0,120,30,30,6,30,15,109128,5.965664,0.109128,6,1.0,27270,109080,0.0,-100.0,123.0,-100.0,0.0,6
32,505064,126266,-100.0,0.0,120,30,30,6,30,15,109128,6.074792,0.109128,6,1.0,27270,109080,0.0,-100.0,123.0,-100.0,0.0,6
33,421896,105474,-100.0,0.0,80,20,20,5,20,10,90940,6.165732,0.09094,5,1.0,22725,90900,0.0,-100.0,123.0,-100.0,0.0,5
34,422200,105550,-100.0,0.0,80,20,20,5,20,10,90940,6.256672,0.09094,5,1.0,22725,90900,0.0,-100.0,123.0,-100.0,0.0,5
35,337760,84440,-100.0,0.0,48,12,12,4,12,6,72752,6.329424,0.072752,4,1.0,18180,72720,0.0,-100.0,123.0,-100.0,0.0,4
36,337760,84440,-100.0,0.0,48,12,12,4,12,6,72752,6.402176,0.072752,4,1.0,18180,72720,0.0,-100.0,123.0,-100.0,0.0,4
37,337824,84456,-100.0,0.0,48,12,12,4,12,6,72752,6.474928,0.072752,4,1.0,18180,72720,0.0,-100.0,123.0,-100.0,0.0,4
38,253432,63358,-100.0,0.0,24,6,6,3,6,3,54564,6.529492,0.054564,3,1.0,13635,54540,0.0,-100.0,123.0,-100.0,0.0,3
39,168968,42242,-100.0,0.0,8,2,2,2,2,1,36376,6.565868,0.036376,2,1.0,9090,36360,0.0,-100.0,123.0,-100.0,0.0,2
40,0,0,-100.0,0.0,0,0,0,0,0,0,0,6.565868,0.0,0,1.0,0,0,0.0,-100.0,123.0,-100.0,0.0,0
41,0,0,-100.0,0.0,0,0,0,0,0,0,0,6.565868,0.0,0,1.0,0,0,0.0,-100.0,123.0,-100.0,0.0,0
42,0,0,-100.0,0.0,0,0,0,0,0,0,0,6.565868,0.0,0,1.0,0,0,0.0,-100.0,123.0,-100.0,0.0,0
43,84504,21126,-100.0,0.0,4,1,1,1,2,1,18188,6.584056,0.018188,1,1.0,4545,18180,0.0,-100.0,123.0,-100.0,0.0,1
44,0,0,-100.0,0.0,0,0,0,0,0,0,0,6.584056,0.0,0,1.0,0,0,0.0,-100.0,123.0,-100.0,0.0,0
45,84536,21134,-100.0,0.0,4,1,1,1,2,1,18188,6.602244,0.018188,1,1.0,4545,18180,0.0,-100.0,123.0,-100.0,0.0,1
46,253944,63486,-100.0,0.0,16,4,4,3,6,3,54564,6.656808,0.054564,3,1.0,13635,54540,0.0,-100.0,123.0,-100.0,0.0,3
47,340224,85056,-100.0,0.0,36,9,9,4,12,6,72752,6.72956,0.072752,4,1.0,18180,72720,0.0,-100.0,123.0,-100.0,0.0,4
48,341304,85326,-100.0,0.0,48,12,12,4,12,6,72752,6.802312,0.072752,4,1.0,18180,72720,0.0,-100.0,123.0,-100.0,0.0,4
49,599088,149772,-100.0,0.0,88,22,22,7,38,19,127316,6.929628,0.127316,7,1.0,31815,127260,0.0,-100.0,123.0,-100.0,0.0,7
50,608816,152204,-100.0,0.0,144,36,36,9,36,18,163692,7.09332,0.163692,9,1.0,40905,163620,0.0,-100.0,123.0,-100.0,0.0,9
51,893072,223268,-100.0,0.0,196,49,49,10,56,28,181880,7.2752,0.18188,10,1.0,45450,181800,0.0,-100.0,123.0,-100.0,0.0,10
52,1008416,252104,-100.0,0.0,244,61,61,11,68,34,200068,7.475268,0.200068,11,1.0,49995,199980,0.0,-100.0,123.0,-100.0,0.0,11
53,1133912,283478,-100.0,0.0,324,81,81,12,90,45,218256,7.693524,0.218256,12,1.0,54540,218160,0.0,-100.0,123.0,-100.0,0.0,12
54,1155872,288968,-100.0,0.0,352,88,88,12,88,44,218256,7.91178,0.218256,12,1.0,54540,218160,0.0,-100.0,123.0,-100.0,0.0,12
55,1275944,318986,-100.0,0.0,392,98,98,13,108,54,236444,8.148224,0.236444,13,1.0,59085,236340,0.0,-100.0,123.0,-100.0,0.0,13
56,1288464,322116,-100.0,0.0,432,108,108,13,108,54,236444,8.384668,0.236444,13,1.0,59085,236340,0.0,-100.0,123.0,-100.0,0.0,13
57,1203808,300952,-100.0,0.0,468,117,117,12,128,64,218256,8.602924,0.218256,12,1.0,54540,218160,0.0,-100.0,123.0,-100.0,0.0,12
58,1406832,351708,-100.0,0.0,552,138,138,14,150,75,254632,8.857556,0.254632,14,1.0,63630,254520,0.0,-100.0,123.0,-100.0,0.0,14
59,1418456,354614,-100.0,0.0,636,159,159,14,168,84,254632,9.112188,0.254632,14,1.0,63630,254520,0.0,-100.0,123.0,-100.0,0.0,14
60,1432128,358032,-100.0,0.0,672,168,168,14,168,84,254632,9.36682,0.254632,14,1.0,63630,254520,0.0,-100.0,123.0,-100.0,0.0,14
61,1555904,388976,-100.0,0.0,688,172,172,15,172,86,272820,9.63964,0.27282,15,1.0,68175,272700,0.0,-100.0,123.0,-100.0,0.0,15
62,1473456,368364,-100.0,0.0,696,174,174,14,174,87,254632,9.894272,0.254632,14,1.0,63630,254520,0.0,-100.0,123.0,-100.0,0.0,14
63,1479248,369812,-100.0,0.0,664,166,166,14,166,83,254632,10.148904,0.254632,14,1.0,63630,254520,0.0,-100.0,123.0,-100.0,0.0,14
64,1486568,371642,-100.0,0.0,628,157,157,14,170,85,254632,10.403536,0.254632,14,1.0,63630,254520,0.0,-100.0,123.0,-100.0,0.0,14
65,1488552,372138,-100.0,0.0,688,172,172,14,172,86,254632,10.658168,0.254632,14,1.0,63630,254520,0.0,-100.0,123.0,-100.0,0.0,14
66,1702496,425624,-100.0,0.0,784,196,196,16,210,105,291008,10.949176,0.291008,16,1.0,72720,290880,0.0,-100.0,123.0,-100.0,0.0,16
67,1599880,399970,-100.0,0.0,824,206,206,15,206,103,272820,11.221996,0.27282,15,1.0,68175,272700,0.0,-100.0,123.0,-100.0,0.0,15
68,1710496,427624,-100.0,0.0,848,212,212,16,212,106,291008,11.513004,0.291008,16,1.0,72720,290880,0.0,-100.0,123.0,-100.0,0.0,16
69,1605608,401402,-100.0,0.0,696,174,174,15,174,87,272820,11.785824,0.27282,15,1.0,68175,272700,0.0,-100.0,123.0,-100.0,0.0,15
70,1612056,403014,-100.0,0.0,696,174,174,15,174,87,272820,12.058644,0.27282,15,1.0,68175,272700,0.0,-100.0,123.0,-100.0,0.0,15
71,1512264,378066,-100.0,0.0,600,150,150,14,150,75,254632,12.313276,0.254632,14,1.0,63630,254520,0.0,-100.0,123.0,-100.0,0.0,14
72,1515072,378768,-100.0,0.0,640,160,160,14,160,80,254632,12.567908,0.254632,14,1.0,63630,254520,0.0,-100.0,123.0,-100.0,0.0,14
73,1313912,328478,-100.0,0.0,504,126,126,12,126,63,218256,12.786164,0.218256,12,1.0,54540,218160,0.0,-100.0,123.0,-100.0,0.0,12
74,1437744,359436,-100.0,0.0,500,125,125,13,136,68,236444,13.022608,0.236444,13,1.0,59085,236340,0.0,-100.0,123.0,-100.0,0.0,13
75,1445440,361360,-100.0,0.0,492,123,123,13,134,67,236444,13.259052,0.236444,13,1.0,59085,236340,0.0,-100.0,123.0,-100.0,0.0,13
76,1352648,338162,-100.0,0.0,456,114,114,12,114,57,218256,13.477308,0.218256,12,1.0,54540,218160,0.0,-100.0,123.0,-100.0,0.0,12
77,1469848,367462,-100.0,0.0,544,136,136,13,148,74,236444,13.713752,0.236444,13,1.0,59085,236340,0.0,-100.0,123.0,-100.0,0.0,13
78,1472120,368030,-100.0,0.0,552,138,138,13,150,75,236444,13.950196,0.236444,13,1.0,59085,236340,0.0,-100.0,123.0,-100.0,0.0,13
79,1356896,339224,-100.0,0.0,496,124,124,12,124,62,218256,14.168452,0.218256,12,1.0,54540,218160,0.0,-100.0,123.0,-100.0,0.0,12
80,1472424,368106,-100.0,0.0,492,123,123,13,138,69,236444,14.404896,0.236444,13,1.0,59085,236340,0.0,-100.0,123.0,-100.0,0.0,13
81,1359904,339976,-100.0,0.0,472,118,118,12,118,59,218256,14.623152,0.218256,12,1.0,54540,218160,0.0,-100.0,123.0,-100.0,0.0,12
82,1393576,348394,-100.0,0.0,428,107,107,12,118,59,218256,14.841408,0.218256,12,1.0,54540,218160,0.0,-100.0,123.0,-100.0,0.0,12
83,1165152,291288,-100.0,0.0,312,78,78,10,78,39,181880,15.023288,0.18188,10,1.0,45450,181800,0.0,-100.0,123.0,-100.0,0.0,10
84,1167088,291772,-100.0,0.0,320,80,80,10,80,40,181880,15.205168,0.18188,10,1.0,45450,181800,0.0,-100.0,123.0,-100.0,0.0,10
85,1179136,294784,-100.0,0.0,320,80,80,10,80,40,181880,15.387048,0.18188,10,1.0,45450,181800,0.0,-100.0,123.0,-100.0,0.0,10
86,1298248,324562,-100.0,0.0,352,88,88,11,98,49,200068,15.587116,0.200068,11,1.0,49995,199980,0.0,-100.0,123.0,-100.0,0.0,11
87,1301712,325428,-100.0,0.0,392,98,98,11,98,49,200068,15.787184,0.200068,11,1.0,49995,199980,0.0,-100.0,123.0,-100.0,0.0,11
88,1304544,326136,-100.0,0.0,376,94,94,11,94,47,200068,15.987252,0.200068,11,1.0,49995,199980,0.0,-100.0,123.0,-100.0,0.0,11
89,1187720,296930,-100.0,0.0,296,74,74,10,74,37,181880,16.169132,0.18188,10,1.0,45450,181800,0.0,-100.0,123.0,-100.0,0.0,10
90,1078544,269636,-100.0,0.0,248,62,62,9,62,31,163692,16.332824,0.163692,9,1.0,40905,163620,0.0,-100.0,123.0,-100.0,0.0,9
91,1092544,273136,-100.0,0.0,248,62,62,9,62,31,163692,16.496516,0.163692,9,1.0,40905,163620,0.0,-100.0,123.0,-100.0,0.0,9
92,1094544,273636,-100.0,0.0,256,64,64,9,64,32,163692,16.660208,0.163692,9,1.0,40905,163620,0.0,-100.0,123.0,-100.0,0.0,9
93,1094544,273636,-100.0,0.0,248,62,62,9,62,31,163692,16.8239,0.163692,9,1.0,40905,163620,0.0,-100.0,123.0,-100.0,0.0,9
94,972928,243232,-100.0,0.0,208,52,52,8,52,26,145504,16.969404,0.145504,8,1.0,36360,145440,0.0,-100.0,123.0,-100.0,0.0,8
95,972928,243232,-100.0,0.0,208,52,52,8,52,26,145504,17.114908,0.145504,8,1.0,36360,145440,0.0,-100.0,123.0,-100.0,0.0,8
96,972928,243232,-100.0,0.0,208,52,52,8,52,26,145504,17.260412,0.145504,8,1.0,36360,145440,0.0,-100.0,123.0,-100.0,0.0,8
97,851312,212828,-100.0,0.0,168,42,42,7,42,21,127316,17.387728,0.127316,7,1.0,31815,127260,0.0,-100.0,123.0,-100.0,0.0,7
98,851312,212828,-100.0,0.0,136,34,34,7,38,19,127316,17.515044,0.127316,7,1.0,31815,127260,0.0,-100.0,123.0,-100.0,0.0,7
99,851312,212828,-100.0,0.0,160,40,40,7,40,20,127316,17.64236,0.127316,7,1.0,31815,127260,0.0,-100.0,123.0,-100.0,0.0,7
100,729696,182424,-100.0,0.0,112,28,28,6,28,14,109128,17.751488,0.109128,6,1.0,27270,109080,0.0,-100.0,123.0,-100.0,0.0,6
101,729696,182424,-100.0,0.0,112,28,28,6,28,14,109128,17.860616,0.109128,6,1.0,27270,109080,0.0,-100.0,123.0,-100.0,0.0,6
102,729696,182424,-100.0,0.0,88,22,22,6,26,13,109128,17.969744,0.109128,6,1.0,27270,109080,0.0,-100.0,123.0,-100.0,0.0,6
103,486464,121616,-100.0,0.0,48,12,12,4,12,6,72752,18.042496,0.072752,4,1.0,18180,72720,0.0,-100.0,123.0,-100.0,0.0,4
104,486672,121668,-100.0,0.0,48,12,12,4,12,6,72752,18.115248,0.072752,4,1.0,18180,72720,0.0,-100.0,123.0,-100.0,0.0,4
105,486784,121696,-100.0,0.0,40,10,10,4,10,5,72752,18.188,0.072752,4,1.0,18180,72720,0.0,-100.0,123.0,-100.0,0.0,4
106,486848,121712,-100.0,0.0,40,10,10,4,10,5,72752,18.260752,0.072752,4,1.0,18180,72720,0.0,-100.0,123.0,-100.0,0.0,4
107,486880,121720,-100.0,0.0,36,9,9,4,12,6,72752,18.333504,0.072752,4,1.0,18180,72720,0.0,-100.0,123.0,-100.0,0.0,4
108,486912,121728,-100.0,0.0,48,12,12,4,12,6,72752,18.406256,0.072752,4,1.0,18180,72720,0.0,-100.0,123.0,-100.0,0.0,4
109,486960,121740,-100.0,0.0,40,10,10,4,10,5,72752,18.479008,0.072752,4,1.0,18180,72720,0.0,-100.0,123.0,-100.0,0.0,4
110,487008,121752,-100.0,0.0,48,12,12,4,14,7,72752,18.55176,0.072752,4,1.0,18180,72720,0.0,-100.0,123.0,-100.0,0.0,4
111,609080,152270,-100.0,0.0,52,13,13,6,16,8,109128,18.660888,0.109128,6,1.0,27270,109080,0.0,-100.0,123.0,-100.0,0.0,6
112,731072,182768,-100.0,0.0,64,16,16,6,16,8,109128,18.770016,0.109128,6,1.0,27270,109080,0.0,-100.0,123.0,-100.0,0.0,6
113,730976,182744,-100.0,0.0,64,16,16,6,16,8,109128,18.879144,0.109128,6,1.0,27270,109080,0.0,-100.0,123.0,-100.0,0.0,6
114,733104,183276,-100.0,0.0,72,18,18,6,18,9,109128,18.988272,0.109128,6,1.0,27270,109080,0.0,-100.0,123.0,-100.0,0.0,6
115,742056,185514,-100.0,0.0,48,12,12,6,12,6,109128,19.0974,0.109128,6,1.0,27270,109080,0.0,-100.0,123.0,-100.0,0.0,6
116,495880,123970,-100.0,0.0,32,8,8,4,8,4,72752,19.170152,0.072752,4,1.0,18180,72720,0.0,-100.0,123.0,-100.0,0.0,4
117,624288,156072,-100.0,0.0,32,8,8,5,8,4,90940,19.261092,0.09094,5,1.0,22725,90900,0.0,-100.0,123.0,-100.0,0.0,5
118,753264,188316,-100.0,0.0,40,10,10,6,12,6,109128,19.37022,0.109128,6,1.0,27270,109080,0.0,-100.0,123.0,-100.0,0.0,6
119,880296,220074,-100.0,0.0,60,15,15,7,18,9,127316,19.497536,0.127316,7,1.0,31815,127260,0.0,-100.0,123.0,-100.0,0.0,7
120,881232,220308,-100.0,0.0,64,16,16,7,20,10,127316,19.624852,0.127316,7,1.0,31815,127260,0.0,-100.0,123.0,-100.0,0.0,7
121,881952,220488,-100.0,0.0,80,20,20,7,20,10,127316,19.752168,0.127316,7,1.0,31815,127260,0.0,-100.0,123.0,-100.0,0.0,7
122,754032,188508,-100.0,0.0,88,22,22,6,22,11,109128,19.861296,0.109128,6,1.0,27270,109080,0.0,-100.0,123.0,-100.0,0.0,6
123,758592,189648,-100.0,0.0,64,16,16,6,16,8,109128,19.970424,0.109128,6,1.0,27270,109080,0.0,-100.0,123.0,-100.0,0.0,6
124,889272,222318,-100.0,0.0,64,16,16,7,20,10,127316,20.09774,0.127316,7,1.0,31815,127260,0.0,-100.0,123.0,-100.0,0.0,7
125,761280,190320,-100.0,0.0,64,16,16,6,16,8,109128,20.206868,0.109128,6,1.0,27270,109080,0.0,-100.0,123.0,-100.0,0.0,6
126,509128,127282,-100.0,0.0,32,8,8,4,8,4,72752,20.27962,0.072752,4,1.0,18180,72720,0.0,-100.0,123.0,-100.0,0.0,4
127,516312,129078,-100.0,0.0,24,6,6,4,6,3,72752,20.352372,0.072752,4,1.0,18180,72720,0.0,-100.0,123.0,-100.0,0.0,4
128,649880,162470,-100.0,0.0,48,12,12,5,16,8,90940,20.443312,0.09094,5,1.0,22725,90900,0.0,-100.0,123.0,-100.0,0.0,5
129,649904,162476,-100.0,0.0,64,16,16,5,16,8,90940,20.534252,0.09094,5,1.0,22725,90900,0.0,-100.0,123.0,-100.0,0.0,5
130,779944,194986,-100.0,0.0,100,25,25,6,30,15,109128,20.64338,0.109128,6,1.0,27270,109080,0.0,-100.0,123.0,-100.0,0.0,6
131,779976,194994,-100.0,0.0,120,30,30,6,30,15,109128,20.752508,0.109128,6,1.0,27270,109080,0.0,-100.0,123.0,-100.0,0.0,6
132,910112,227528,-100.0,0.0,144,36,36,7,42,21,127316,20.879824,0.127316,7,1.0,31815,127260,0.0,-100.0,123.0,-100.0,0.0,7
133,910128,227532,-100.0,0.0,160,40,40,7,40,20,127316,21.00714,0.127316,7,1.0,31815,127260,0.0,-100.0,123.0,-100.0,0.0,7
134,910144,227536,-100.0,0.0,128,32,32,7,38,19,127316,21.134456,0.127316,7,1.0,31815,127260,0.0,-100.0,123.0,-100.0,0.0,7
135,910168,227542,-100.0,0.0,152,38,38,7,38,19,127316,21.261772,0.127316,7,1.0,31815,127260,0.0,-100.0,123.0,-100.0,0.0,7
136,1040248,260062,-100.0,0.0,180,45,45,8,52,26,145504,21.407276,0.145504,8,1.0,36360,145440,0.0,-100.0,123.0,-100.0,0.0,8
137,1040592,260148,-100.0,0.0,224,56,56,8,56,28,145504,21.55278,0.145504,8,1.0,36360,145440,0.0,-100.0,123.0,-100.0,0.0,8
138,1040640,260160,-100.0,0.0,216,54,54,8,54,27,145504,21.698284,0.145504,8,1.0,36360,145440,0.0,-100.0,123.0,-100.0,0.0,8
139,1170720,292680,-100.0,0.0,192,48,48,9,56,28,163692,21.861976,0.163692,9,1.0,40905,163620,0.0,-100.0,123.0,-100.0,0.0,9
140,1170792,292698,-100.0,0.0,208,52,52,9,52,26,163692,22.025668,0.163692,9,1.0,40905,163620,0.0,-100.0,123.0,-100.0,0.0,9
141,1300992,325248,-100.0,0.0,256,64,64,10,72,36,181880,22.207548,0.18188,10,1.0,45450,181800,0.0,-100.0,123.0,-100.0,0.0,10
142,1431144,357786,-100.0,0.0,320,80,80,11,88,44,200068,22.407616,0.200068,11,1.0,49995,199980,0.0,-100.0,123.0,-100.0,0.0,11
143,1691352,422838,-100.0,0.0,452,113,113,13,134,67,236444,22.64406,0.236444,13,1.0,59085,236340,0.0,-100.0,123.0,-100.0,0.0,13
144,1821664,455416,-100.0,0.0,548,137,137,14,148,74,254632,22.898692,0.254632,14,1.0,63630,254520,0.0,-100.0,123.0,-100.0,0.0,14
145,1823792,455948,-100.0,0.0,624,156,156,14,168,84,254632,23.153324,0.254632,14,1.0,63630,254520,0.0,-100.0,123.0,-100.0,0.0,14
146,1831312,457828,-100.0,0.0,640,160,160,14,160,80,254632,23.407956,0.254632,14,1.0,63630,254520,0.0,-100.0,123.0,-100.0,0.0,14
147,1963184,490796,-100.0,0.0,672,168,168,15,180,90,272820,23.680776,0.27282,15,1.0,68175,272700,0.0,-100.0,123.0,-100.0,0.0,15
148,1833408,458352,-100.0,0.0,672,168,168,14,168,84,254632,23.935408,0.254632,14,1.0,63630,254520,0.0,-100.0,123.0,-100.0,0.0,14
149,1840640,460160,-100.0,0.0,600,150,150,14,160,80,254632,24.19004,0.254632,14,1.0,63630,254520,0.0,-100.0,123.0,-100.0,0.0,14
150,1983824,495956,-100.0,0.0,632,158,158,15,160,80,272820,24.46286,0.27282,15,1.0,68175,272700,0.0,-100.0,123.0,-100.0,0.0,15
151,2111488,527872,-100.0,0.0,728,182,182,16,196,98,291008,24.753868,0.291008,16,1.0,72720,290880,0.0,-100.0,123.0,-100.0,0.0,16
152,2150776,537694,-100.0,0.0,744,186,186,16,186,93,291008,25.044876,0.291008,16,1.0,72720,290880,0.0,-100.0,123.0,-100.0,0.0,16
153,2176992,544248,-100.0,0.0,760,190,190,16,204,102,291008,25.335884,0.291008,16,1.0,72720,290880,0.0,-100.0,123.0,-100.0,0.0,16
154,2191696,547924,-100.0,0.0,808,202,202,16,202,101,291008,25.626892,0.291008,16,1.0,72720,290880,0.0,-100.0,123.0,-100.0,0.0,16
155,2326872,581718,-100.0,0.0,840,210,210,17,236,118,309196,25.936088,0.309196,17,1.0,77265,309060,0.0,-100.0,123.0,-100.0,0.0,17
156,2392136,598034,-100.0,0.0,924,231,231,17,246,123,309196,26.245284,0.309196,17,1.0,77265,309060,0.0,-100.0,123.0,-100.0,0.0,17
157,2688232,672058,-100.0,0.0,1084,271,271,19,302,151,345572,26.590856,0.345572,19,1.0,86355,345420,0.0,-100.0,123.0,-100.0,0.0,19
158,2833008,708252,-100.0,0.0,1252,313,313,20,322,161,363760,26.954616,0.36376,20,1.0,90900,363600,0.0,-100.0,123.0,-100.0,0.0,20
159,3258928,814732,-100.0,0.0,1472,368,368,23,426,213,418324,27.37294,0.418324,23,1.0,104535,418140,0.0,-100.0,123.0,-100.0,0.0,23
160,3117664,779416,-100.0,0.0,1568,392,392,22,392,196,400136,27.773076,0.400136,22,1.0,99990,399960,0.0,-100.0,123.0,-100.0,0.0,22
161,3401376,850344,-100.0,0.0,1716,429,429,24,468,234,436512,28.209588,0.436512,24,1.0,109080,436320,0.0,-100.0,123.0,-100.0,0.0,24
162,3401472,850368,-100.0,0.0,1948,487,487,24,508,254,436512,28.6461,0.436512,24,1.0,109080,436320,0.0,-100.0,123.0,-100.0,0.0,24
163,3684944,921236,-100.0,0.0,2208,552,552,26,600,300,472888,29.118988,0.472888,26,1.0,118170,472680,0.0,-100.0,123.0,-100.0,0.0,26
164,3550296,887574,-100.0,0.0,2112,528,528,25,550,275,454700,29.573688,0.4547,25,1.0,113625,454500,0.0,-100.0,123.0,-100.0,0.0,25
165,3415248,853812,-100.0,0.0,2024,506,506,24,506,253,436512,30.0102,0.436512,24,1.0,109080,436320,0.0,-100.0,123.0,-100.0,0.0,24
166,3559504,889876,-100.0,0.0,2252,563,563,25,586,293,454700,30.4649,0.4547,25,1.0,113625,454500,0.0,-100.0,123.0,-100.0,0.0,25
167,3605048,901262,-100.0,0.0,2196,549,549,25,572,286,454700,30.9196,0.4547,25,1.0,113625,454500,0.0,-100.0,123.0,-100.0,0.0,25
168,3462680,865670,-100.0,0.0,2208,552,552,24,552,276,436512,31.356112,0.436512,24,1.0,109080,436320,0.0,-100.0,123.0,-100.0,0.0,24
169,3609400,902350,-100.0,0.0,2208,552,552,25,600,300,454700,31.810812,0.4547,25,1.0,113625,454500,0.0,-100.0,123.0,-100.0,0.0,25
170,3465024,866256,-100.0,0.0,2108,527,527,24,550,275,436512,32.247324,0.436512,24,1.0,109080,436320,0.0,-100.0,123.0,-100.0,0.0,24
171,3609400,902350,-100.0,0.0,2212,553,553,25,576,288,454700,32.702024,0.4547,25,1.0,113625,454500,0.0,-100.0,123.0,-100.0,0.0,25
172,3609400,902350,-100.0,0.0,2236,559,559,25,582,291,454700,33.156724,0.4547,25,1.0,113625,454500,0.0,-100.0,123.0,-100.0,0.0,25
173,3609400,902350,-100.0,0.0,2256,564,564,25,564,282,454700,33.611424,0.4547,25,1.0,113625,454500,0.0,-100.0,123.0,-100.0,0.0,25
174,3465024,866256,-100.0,0.0,2072,518,518,24,518,259,436512,34.047936,0.436512,24,1.0,109080,436320,0.0,-100.0,123.0,-100.0,0.0,24
175,3611440,902860,-100.0,0.0,2076,519,519,25,522,261,454700,34.502636,0.4547,25,1.0,113625,454500,0.0,-100.0,123.0,-100.0,0.0,25
176,3620872,905218,-100.0,0.0,1960,490,490,25,490,245,454700,34.957336,0.4547,25,1.0,113625,454500,0.0,-100.0,123.0,-100.0,0.0,25
177,3479616,869904,-100.0,0.0,1856,464,464,24,464,232,436512,35.393848,0.436512,24,1.0,109080,436320,0.0,-100.0,123.0,-100.0,0.0,24
178,3482760,870690,-100.0,0.0,1896,474,474,24,474,237,436512,35.83036,0.436512,24,1.0,109080,436320,0.0,-100.0,123.0,-100.0,0.0,24
179,3192856,798214,-100.0,0.0,1608,402,402,22,402,201,400136,36.230496,0.400136,22,1.0,99990,399960,0.0,-100.0,123.0,-100.0,0.0,22
180,3048264,762066,-100.0,0.0,1504,376,376,21,376,188,381948,36.612444,0.381948,21,1.0,95445,381780,0.0,-100.0,123.0,-100.0,0.0,21
181,2768544,692136,-100.0,0.0,1184,296,296,19,296,148,345572,36.958016,0.345572,19,1.0,86355,345420,0.0,-100.0,123.0,-100.0,0.0,19
182,2193912,548478,-100.0,0.0,800,200,200,15,200,100,272820,37.230836,0.27282,15,1.0,68175,272700,0.0,-100.0,123.0,-100.0,0.0,15
183,2203272,550818,-100.0,0.0,800,200,200,15,200,100,272820,37.503656,0.27282,15,1.0,68175,272700,0.0,-100.0,123.0,-100.0,0.0,15
184,2205408,551352,-100.0,0.0,800,200,200,15,200,100,272820,37.776476,0.27282,15,1.0,68175,272700,0.0,-100.0,123.0,-100.0,0.0,15
185,2207256,551814,-100.0,0.0,776,194,194,15,194,97,272820,38.049296,0.27282,15,1.0,68175,272700,0.0,-100.0,123.0,-100.0,0.0,15
186,2061080,515270,-100.0,0.0,664,166,166,14,166,83,254632,38.303928,0.254632,14,1.0,63630,254520,0.0,-100.0,123.0,-100.0,0.0,14
187,2061080,515270,-100.0,0.0,632,158,158,14,158,79,254632,38.55856,0.254632,14,1.0,63630,254520,0.0,-100.0,123.0,-100.0,0.0,14
188,1919440,479860,-100.0,0.0,544,136,136,13,136,68,236444,38.795004,0.236444,13,1.0,59085,236340,0.0,-100.0,123.0,-100.0,0.0,13
189,1772256,443064,-100.0,0.0,432,108,108,12,108,54,218256,39.01326,0.218256,12,1.0,54540,218160,0.0,-100.0,123.0,-100.0,0.0,12
190,1624568,406142,-100.0,0.0,368,92,92,11,92,46,200068,39.213328,0.200068,11,1.0,49995,199980,0.0,-100.0,123.0,-100.0,0.0,11
191,1476880,369220,-100.0,0.0,296,74,74,10,74,37,181880,39.395208,0.18188,10,1.0,45450,181800,0.0,-100.0,123.0,-100.0,0.0,10
192,1624568,406142,-100.0,0.0,352,88,88,11,96,48,200068,39.595276,0.200068,11,1.0,49995,199980,0.0,-100.0,123.0,-100.0,0.0,11
193,1329192,332298,-100.0,0.0,224,56,56,9,56,28,163692,39.758968,0.163692,9,1.0,40905,163620,0.0,-100.0,123.0,-100.0,0.0,9
194,1476880,369220,-100.0,0.0,260,65,65,10,72,36,181880,39.940848,0.18188,10,1.0,45450,181800,0.0,-100.0,123.0,-100.0,0.0,10
195,1329640,332410,-100.0,0.0,216,54,54,9,54,27,163692,40.10454,0.163692,9,1.0,40905,163620,0.0,-100.0,123.0,-100.0,0.0,9
196,1331728,332932,-100.0,0.0,200,50,50,9,50,25,163692,40.268232,0.163692,9,1.0,40905,163620,0.0,-100.0,123.0,-100.0,0.0,9
197,1333576,333394,-100.0,0.0,224,56,56,9,56,28,163692,40.431924,0.163692,9,1.0,40905,163620,0.0,-100.0,123.0,-100.0,0.0,9
198,1186496,296624,-100.0,0.0,184,46,46,8,46,23,145504,40.577428,0.145504,8,1.0,36360,145440,0.0,-100.0,123.0,-100.0,0.0,8
199,1188784,297196,-100.0,0.0,124,31,31,8,36,18,145504,40.722932,0.145504,8,1.0,36360,145440,0.0,-100.0,123.0,-100.0,0.0,8
200,1197088,299272,-100.0,0.0,136,34,34,8,34,17,145504,40.868436,0.145504,8,1.0,36360,145440,0.0,-100.0,123.0,-100.0,0.0,8
201,1048776,262194,-100.0,0.0,120,30,30,7,30,15,127316,40.995752,0.127316,7,1.0,31815,127260,0.0,-100.0,123.0,-100.0,0.0,7
202,899616,224904,-100.0,0.0,88,22,22,6,22,11,109128,41.10488,0.109128,6,1.0,27270,109080,0.0,-100.0,123.0,-100.0,0.0,6
203,900224,225056,-100.0,0.0,88,22,22,6,22,11,109128,41.214008,0.109128,6,1.0,27270,109080,0.0,-100.0,123.0,-100.0,0.0,6
204,900240,225060,-100.0,0.0,88,22,22,6,22,11,109128,41.323136,0.109128,6,1.0,27270,109080,0.0,-100.0,123.0,-100.0,0.0,6
205,750256,187564,-100.0,0.0,64,16,16,5,16,8,90940,41.414076,0.09094,5,1.0,22725,90900,0.0,-100.0,123.0,-100.0,0.0,5
206,900336,225084,-100.0,0.0,100,25,25,6,30,15,109128,41.523204,0.109128,6,1.0,27270,109080,0.0,-100.0,123.0,-100.0,0.0,6
207,903072,225768,-100.0,0.0,120,30,30,6,30,15,109128,41.632332,0.109128,6,1.0,27270,109080,0.0,-100.0,123.0,-100.0,0.0,6
208,1204704,301176,-100.0,0.0,156,39,39,8,50,25,145504,41.777836,0.145504,8,1.0,36360,145440,0.0,-100.0,123.0,-100.0,0.0,8
209,1206832,301708,-100.0,0.0,184,46,46,8,46,23,145504,41.92334,0.145504,8,1.0,36360,145440,0.0,-100.0,123.0,-100.0,0.0,8
210,1360384,340096,-100.0,0.0,224,56,56,9,64,32,163692,42.087032,0.163692,9,1.0,40905,163620,0.0,-100.0,123.0,-100.0,0.0,9
211,1360992,340248,-100.0,0.0,216,54,54,9,54,27,163692,42.250724,0.163692,9,1.0,40905,163620,0.0,-100.0,123.0,-100.0,0.0,9
212,1361160,340290,-100.0,0.0,200,50,50,9,50,25,163692,42.414416,0.163692,9,1.0,40905,163620,0.0,-100.0,123.0,-100.0,0.0,9
213,1815008,453752,-100.0,0.0,252,63,63,12,80,40,218256,42.632672,0.218256,12,1.0,54540,218160,0.0,-100.0,123.0,-100.0,0.0,12
214,1815072,453768,-100.0,0.0,304,76,76,12,76,38,218256,42.850928,0.218256,12,1.0,54540,218160,0.0,-100.0,123.0,-100.0,0.0,12
215,1815232,453808,-100.0,0.0,280,70,70,12,76,38,218256,43.069184,0.218256,12,1.0,54540,218160,0.0,-100.0,123.0,-100.0,0.0,12
216,1815688,453922,-100.0,0.0,344,86,86,12,86,43,218256,43.28744,0.218256,12,1.0,54540,218160,0.0,-100.0,123.0,-100.0,0.0,12
217,1967056,491764,-100.0,0.0,372,93,93,13,104,52,236444,43.523884,0.236444,13,1.0,59085,236340,0.0,-100.0,123.0,-100.0,0.0,13
218,1967088,491772,-100.0,0.0,416,104,104,13,104,52,236444,43.760328,0.236444,13,1.0,59085,236340,0.0,-100.0,123.0,-100.0,0.0,13
219,2269712,567428,-100.0,0.0,496,124,124,15,146,73,272820,44.033148,0.27282,15,1.0,68175,272700,0.0,-100.0,123.0,-100.0,0.0,15
220,2269712,567428,-100.0,0.0,592,148,148,15,148,74,272820,44.305968,0.27282,15,1.0,68175,272700,0.0,-100.0,123.0,-100.0,0.0,15
221,2420992,605248,-100.0,0.0,664,166,166,16,180,90,291008,44.596976,0.291008,16,1.0,72720,290880,0.0,-100.0,123.0,-100.0,0.0,16
222,2573168,643292,-100.0,0.0,748,187,187,17,198,99,309196,44.906172,0.309196,17,1.0,77265,309060,0.0,-100.0,123.0,-100.0,0.0,17
223,2724912,681228,-100.0,0.0,916,229,229,18,246,123,327384,45.233556,0.327384,18,1.0,81810,327240,0.0,-100.0,123.0,-100.0,0.0,18
224,2725840,681460,-100.0,0.0,912,228,228,18,228,114,327384,45.56094,0.327384,18,1.0,81810,327240,0.0,-100.0,123.0,-100.0,0.0,18
225,2578632,644658,-100.0,0.0,784,196,196,17,212,106,309196,45.870136,0.309196,17,1.0,77265,309060,0.0,-100.0,123.0,-100.0,0.0,17
226,2733296,683324,-100.0,0.0,884,221,221,18,222,111,327384,46.19752,0.327384,18,1.0,81810,327240,0.0,-100.0,123.0,-100.0,0.0,18
227,2735760,683940,-100.0,0.0,908,227,227,18,244,122,327384,46.524904,0.327384,18,1.0,81810,327240,0.0,-100.0,123.0,-100.0,0.0,18
228,2737008,684252,-100.0,0.0,952,238,238,18,238,119,327384,46.852288,0.327384,18,1.0,81810,327240,0.0,-100.0,123.0,-100.0,0.0,18
229,2889064,722266,-100.0,0.0,1000,250,250,19,268,134,345572,47.19786,0.345572,19,1.0,86355,345420,0.0,-100.0,123.0,-100.0,0.0,19
230,3057416,764354,-100.0,0.0,1112,278,278,20,278,139,363760,47.56162,0.36376,20,1.0,90900,363600,0.0,-100.0,123.0,-100.0,0.0,20
231,3059112,764778,-100.0,0.0,1088,272,272,20,290,145,363760,47.92538,0.36376,20,1.0,90900,363600,0.0,-100.0,123.0,-100.0,0.0,20
232,3069504,767376,-100.0,0.0,1144,286,286,20,286,143,363760,48.28914,0.36376,20,1.0,90900,363600,0.0,-100.0,123.0,-100.0,0.0,20
233,3077888,769472,-100.0,0.0,1128,282,282,20,300,150,363760,48.6529,0.36376,20,1.0,90900,363600,0.0,-100.0,123.0,-100.0,0.0,20
234,3074088,768522,-100.0,0.0,1224,306,306,20,306,153,363760,49.01666,0.36376,20,1.0,90900,363600,0.0,-100.0,123.0,-100.0,0.0,20
235,3404984,851246,-100.0,0.0,1256,314,314,22,332,166,400136,49.416796,0.400136,22,1.0,99990,399960,0.0,-100.0,123.0,-100.0,0.0,22
236,3574600,893650,-100.0,0.0,1424,356,356,23,372,186,418324,49.83512,0.418324,23,1.0,104535,418140,0.0,-100.0,123.0,-100.0,0.0,23
237,3583288,895822,-100.0,0.0,1520,380,380,23,380,190,418324,50.253444,0.418324,23,1.0,104535,418140,0.0,-100.0,123.0,-100.0,0.0,23
238,3610320,902580,-100.0,0.0,1640,410,410,23,428,214,418324,50.671768,0.418324,23,1.0,104535,418140,0.0,-100.0,123.0,-100.0,0.0,23
239,3777928,944482,-100.0,0.0,1696,424,424,24,434,217,436512,51.10828,0.436512,24,1.0,109080,436320,0.0,-100.0,123.0,-100.0,0.0,24
240,4093592,1023398,-100.0,0.0,1996,499,499,26,542,271,472888,51.581168,0.472888,26,1.0,118170,472680,0.0,-100.0,123.0,-100.0,0.0,26
241,4418624,1104656,-100.0,0.0,2464,616,616,28,666,333,509264,52.090432,0.509264,28,1.0,127260,509040,0.0,-100.0,123.0,-100.0,0.0,28
242,4665952,1166488,-100.0,0.0,2728,682,682,29,708,354,527452,52.617884,0.527452,29,1.0,131805,527220,0.0,-100.0,123.0,-100.0,0.0,29
243,4914560,1228640,-100.0,0.0,3172,793,793,31,832,416,563828,53.181712,0.563828,31,1.0,140895,563580,0.0,-100.0,123.0,-100.0,0.0,31
244,5030928,1257732,-100.0,0.0,3344,836,836,31,836,418,563828,53.74554,0.563828,31,1.0,140895,563580,0.0,-100.0,123.0,-100.0,0.0,31
245,5193216,1298304,-100.0,0.0,3504,876,876,32,904,452,582016,54.327556,0.582016,32,1.0,145440,581760,0.0,-100.0,123.0,-100.0,0.0,32
246,5680080,1420020,-100.0,0.0,3968,992,992,35,1068,534,636580,54.964136,0.63658,35,1.0,159075,636300,0.0,-100.0,123.0,-100.0,0.0,35
247,5359600,1339900,-100.0,0.0,3696,924,924,33,924,462,600204,55.56434,0.600204,33,1.0,149985,599940,0.0,-100.0,123.0,-100.0,0.0,33
248,5684560,1421140,-100.0,0.0,4212,1053,1053,35,1116,558,636580,56.20092,0.63658,35,1.0,159075,636300,0.0,-100.0,123.0,-100.0,0.0,35
249,5846976,1461744,-100.0,0.0,4484,1121,1121,36,1136,568,654768,56.855688,0.654768,36,1.0,163620,654480,0.0,-100.0,123.0,-100.0,0.0,36
250,6171808,1542952,-100.0,0.0,4820,1205,1205,38,1274,637,691144,57.546832,0.691144,38,1.0,172710,690840,0.0,-100.0,123.0,-100.0,0.0,38
251,6497968,1624492,-100.0,0.0,5160,1290,1290,40,1340,670,727520,58.274352,0.72752,40,1.0,181800,727200,0.0,-100.0,123.0,-100.0,0.0,40
252,6503824,1625956,-100.0,0.0,5552,1388,1388,40,1388,694,727520,59.001872,0.72752,40,1.0,181800,727200,0.0,-100.0,123.0,-100.0,0.0,40
253,6666928,1666732,-100.0,0.0,5916,1479,1479,41,1518,759,745708,59.74758,0.745708,41,1.0,186345,745380,0.0,-100.0,123.0,-100.0,0.0,41
254,6666928,1666732,-100.0,0.0,6048,1512,1512,41,1512,756,745708,60.493288,0.745708,41,1.0,186345,745380,0.0,-100.0,123.0,-100.0,0.0,41
255,6829536,1707384,-100.0,0.0,6148,1537,1537,42,1574,787,763896,61.257184,0.763896,42,1.0,190890,763560,0.0,-100.0,123.0,-100.0,0.0,42
256,6829536,1707384,-100.0,0.0,5952,1488,1488,42,1522,761,763896,62.02108,0.763896,42,1.0,190890,763560,0.0,-100.0,123.0,-100.0,0.0,42
257,6992144,1748036,-100.0,0.0,6376,1594,1594,43,1632,816,782084,62.803164,0.782084,43,1.0,195435,781740,0.0,-100.0,123.0,-100.0,0.0,43
258,7157632,1789408,-100.0,0.0,6436,1609,1609,44,1644,822,800272,63.603436,0.800272,44,1.0,199980,799920,0.0,-100.0,123.0,-100.0,0.0,44
259,6996336,1749084,-100.0,0.0,6176,1544,1544,43,1544,772,782084,64.38552,0.782084,43,1.0,195435,781740,0.0,-100.0,123.0,-100.0,0.0,43
260,6847752,1711938,-100.0,0.0,5864,1466,1466,42,1466,733,763896,65.149416,0.763896,42,1.0,190890,763560,0.0,-100.0,123.0,-100.0,0.0,42
261,6850336,1712584,-100.0,0.0,5888,1472,1472,42,1472,736,763896,65.913312,0.763896,42,1.0,190890,763560,0.0,-100.0,123.0,-100.0,0.0,42
262,6700744,1675186,-100.0,0.0,5360,1340,1340,41,1340,670,745708,66.65902,0.745708,41,1.0,186345,745380,0.0,-100.0,123.0,-100.0,0.0,41
263,6720616,1680154,-100.0,0.0,5248,1312,1312,41,1312,656,745708,67.404728,0.745708,41,1.0,186345,745380,0.0,-100.0,123.0,-100.0,0.0,41
264,6584376,1646094,-100.0,0.0,5504,1376,1376,40,1376,688,727520,68.132248,0.72752,40,1.0,181800,727200,0.0,-100.0,123.0,-100.0,0.0,40
265,6440064,1610016,-100.0,0.0,5272,1318,1318,39,1318,659,709332,68.84158,0.709332,39,1.0,177255,709020,0.0,-100.0,123.0,-100.0,0.0,39
266,6443496,1610874,-100.0,0.0,5424,1356,1356,39,1382,691,709332,69.550912,0.709332,39,1.0,177255,709020,0.0,-100.0,123.0,-100.0,0.0,39
267,6461344,1615336,-100.0,0.0,5584,1396,1396,39,1396,698,709332,70.260244,0.709332,39,1.0,177255,709020,0.0,-100.0,123.0,-100.0,0.0,39
268,6303608,1575902,-100.0,0.0,4920,1230,1230,38,1230,615,691144,70.951388,0.691144,38,1.0,172710,690840,0.0,-100.0,123.0,-100.0,0.0,38
269,6314416,1578604,-100.0,0.0,4976,1244,1244,38,1244,622,691144,71.642532,0.691144,38,1.0,172710,690840,0.0,-100.0,123.0,-100.0,0.0,38
270,5843512,1460878,-100.0,0.0,4448,1112,1112,35,1112,556,636580,72.279112,0.63658,35,1.0,159075,636300,0.0,-100.0,123.0,-100.0,0.0,35
271,5852840,1463210,-100.0,0.0,4324,1081,1081,35,1082,541,636580,72.915692,0.63658,35,1.0,159075,636300,0.0,-100.0,123.0,-100.0,0.0,35
272,5691424,1422856,-100.0,0.0,4272,1068,1068,34,1068,534,618392,73.534084,0.618392,34,1.0,154530,618120,0.0,-100.0,123.0,-100.0,0.0,34
273,5696032,1424008,-100.0,0.0,3904,976,976,34,976,488,618392,74.152476,0.618392,34,1.0,154530,618120,0.0,-100.0,123.0,-100.0,0.0,34
274,5729392,1432348,-100.0,0.0,3888,972,972,34,972,486,618392,74.770868,0.618392,34,1.0,154530,618120,0.0,-100.0,123.0,-100.0,0.0,34
275,5761712,1440428,-100.0,0.0,3984,996,996,34,996,498,618392,75.38926,0.618392,34,1.0,154530,618120,0.0,-100.0,123.0,-100.0,0.0,34
276,5433664,1358416,-100.0,0.0,3544,886,886,32,886,443,582016,75.971276,0.582016,32,1.0,145440,581760,0.0,-100.0,123.0,-100.0,0.0,32
277,5437424,1359356,-100.0,0.0,3656,914,914,32,914,457,582016,76.553292,0.582016,32,1.0,145440,581760,0.0,-100.0,123.0,-100.0,0.0,32
278,5437880,1359470,-100.0,0.0,3784,946,946,32,946,473,582016,77.135308,0.582016,32,1.0,145440,581760,0.0,-100.0,123.0,-100.0,0.0,32
279,5110800,1277700,-100.0,0.0,3416,854,854,30,854,427,545640,77.680948,0.54564,30,1.0,136350,545400,0.0,-100.0,123.0,-100.0,0.0,30
280,5120736,1280184,-100.0,0.0,3384,846,846,30,846,423,545640,78.226588,0.54564,30,1.0,136350,545400,0.0,-100.0,123.0,-100.0,0.0,30
281,4783248,1195812,-100.0,0.0,2920,730,730,28,730,365,509264,78.735852,0.509264,28,1.0,127260,509040,0.0,-100.0,123.0,-100.0,0.0,28
282,4783520,1195880,-100.0,0.0,2944,736,736,28,736,368,509264,79.245116,0.509264,28,1.0,127260,509040,0.0,-100.0,123.0,-100.0,0.0,28
283,4613480,1153370,-100.0,0.0,2680,670,670,27,670,335,491076,79.736192,0.491076,27,1.0,122715,490860,0.0,-100.0,123.0,-100.0,0.0,27
284,4613752,1153438,-100.0,0.0,2644,661,661,27,672,336,491076,80.227268,0.491076,27,1.0,122715,490860,0.0,-100.0,123.0,-100.0,0.0,27
285,4613760,1153440,-100.0,0.0,2728,682,682,27,682,341,491076,80.718344,0.491076,27,1.0,122715,490860,0.0,-100.0,123.0,-100.0,0.0,27
286,4784640,1196160,-100.0,0.0,2776,694,694,28,704,352,509264,81.227608,0.509264,28,1.0,127260,509040,0.0,-100.0,123.0,-100.0,0.0,28
287,4784888,1196222,-100.0,0.0,2800,700,700,28,700,350,509264,81.736872,0.509264,28,1.0,127260,509040,0.0,-100.0,123.0,-100.0,0.0,28
288,5126648,1281662,-100.0,0.0,3044,761,761,30,802,401,545640,82.282512,0.54564,30,1.0,136350,545400,0.0,-100.0,123.0,-100.0,0.0,30
289,5133840,1283460,-100.0,0.0,3272,818,818,30,818,409,545640,82.828152,0.54564,30,1.0,136350,545400,0.0,-100.0,123.0,-100.0,0.0,30
290,5477584,1369396,-100.0,0.0,3412,853,853,32,900,450,582016,83.410168,0.582016,32,1.0,145440,581760,0.0,-100.0,123.0,-100.0,0.0,32
291,5477376,1369344,-100.0,0.0,3688,922,922,32,922,461,582016,83.992184,0.582016,32,1.0,145440,581760,0.0,-100.0,123.0,-100.0,0.0,32
292,5649552,1412388,-100.0,0.0,3800,950,950,33,982,491,600204,84.592388,0.600204,33,1.0,149985,599940,0.0,-100.0,123.0,-100.0,0.0,33
293,5654088,1413522,-100.0,0.0,3712,928,928,33,928,464,600204,85.192592,0.600204,33,1.0,149985,599940,0.0,-100.0,123.0,-100.0,0.0,33
294,5840688,1460172,-100.0,0.0,3900,975,975,34,1008,504,618392,85.810984,0.618392,34,1.0,154530,618120,0.0,-100.0,123.0,-100.0,0.0,34
295,6026440,1506610,-100.0,0.0,4136,1034,1034,35,1034,517,636580,86.447564,0.63658,35,1.0,159075,636300,0.0,-100.0,123.0,-100.0,0.0,35
296,6198648,1549662,-100.0,0.0,4264,1066,1066,36,1100,550,654768,87.102332,0.654768,36,1.0,163620,654480,0.0,-100.0,123.0,-100.0,0.0,36
297,6198760,1549690,-100.0,0.0,4440,1110,1110,36,1110,555,654768,87.7571,0.654768,36,1.0,163620,654480,0.0,-100.0,123.0,-100.0,0.0,36
298,6198624,1549656,-100.0,0.0,4280,1070,1070,36,1104,552,654768,88.411868,0.654768,36,1.0,163620,654480,0.0,-100.0,123.0,-100.0,0.0,36
299,6198768,1549692,-100.0,0.0,4480,1120,1120,36,1120,560,654768,89.066636,0.654768,36,1.0,163620,654480,0.0,-100.0,123.0,-100.0,0.0,36
300,6204784,1551196,-100.0,0.0,4504,1126,1126,36,1126,563,654768,89.721404,0.654768,36,1.0,163620,654480,0.0,-100.0,123.0,-100.0,0.0,36
301,6378288,1594572,-100.0,0.0,4696,1174,1174,37,1210,605,672956,90.39436,0.672956,37,1.0,168165,672660,0.0,-100.0,123.0,-100.0,0.0,37
302,6379504,1594876,-100.0,0.0,4824,1206,1206,37,1206,603,672956,91.067316,0.672956,37,1.0,168165,672660,0.0,-100.0,123.0,-100.0,0.0,37
303,6382080,1595520,-100.0,0.0,4800,1200,1200,37,1200,600,672956,91.740272,0.672956,37,1.0,168165,672660,0.0,-100.0,123.0,-100.0,0.0,37
304,6248992,1562248,-100.0,0.0,4656,1164,1164,36,1164,582,654768,92.39504,0.654768,36,1.0,163620,654480,0.0,-100.0,123.0,-100.0,0.0,36
305,6430552,1607638,-100.0,0.0,4788,1197,1197,37,1232,616,672956,93.067996,0.672956,37,1.0,168165,672660,0.0,-100.0,123.0,-100.0,0.0,37
306,6432808,1608202,-100.0,0.0,4928,1232,1232,37,1232,616,672956,93.740952,0.672956,37,1.0,168165,672660,0.0,-100.0,123.0,-100.0,0.0,37
307,6607344,1651836,-100.0,0.0,5136,1284,1284,38,1320,660,691144,94.432096,0.691144,38,1.0,172710,690840,0.0,-100.0,123.0,-100.0,0.0,38
308,6611336,1652834,-100.0,0.0,4992,1248,1248,38,1266,633,691144,95.12324,0.691144,38,1.0,172710,690840,0.0,-100.0,123.0,-100.0,0.0,38
309,6892808,1723202,-100.0,0.0,5260,1315,1315,39,1352,676,709332,95.832572,0.709332,39,1.0,177255,709020,0.0,-100.0,123.0,-100.0,0.0,39
310,6728736,1682184,-100.0,0.0,5152,1288,1288,38,1288,644,691144,96.523716,0.691144,38,1.0,172710,690840,0.0,-100.0,123.0,-100.0,0.0,38
311,6729000,1682250,-100.0,0.0,5144,1286,1286,38,1286,643,691144,97.21486,0.691144,38,1.0,172710,690840,0.0,-100.0,123.0,-100.0,0.0,38
312,6551960,1637990,-100.0,0.0,4840,1210,1210,37,1210,605,672956,97.887816,0.672956,37,1.0,168165,672660,0.0,-100.0,123.0,-100.0,0.0,37
313,6374880,1593720,-100.0,0.0,4520,1130,1130,36,1130,565,654768,98.542584,0.654768,36,1.0,163620,654480,0.0,-100.0,123.0,-100.0,0.0,36
314,6374880,1593720,-100.0,0.0,4472,1118,1118,36,1118,559,654768,99.197352,0.654768,36,1.0,163620,654480,0.0,-100.0,123.0,-100.0,0.0,36
315,6197800,1549450,-100.0,0.0,4264,1066,1066,35,1066,533,636580,99.833932,0.63658,35,1.0,159075,636300,0.0,-100.0,123.0,-100.0,0.0,35
316,6020720,1505180,-100.0,0.0,4088,1022,1022,34,1022,511,618392,100.452324,0.618392,34,1.0,154530,618120,0.0,-100.0,123.0,-100.0,0.0,34
317,6020720,1505180,-100.0,0.0,4168,1042,1042,34,1042,521,618392,101.070716,0.618392,34,1.0,154530,618120,0.0,-100.0,123.0,-100.0,0.0,34
318,6197800,1549450,-100.0,0.0,4304,1076,1076,35,1108,554,636580,101.707296,0.63658,35,1.0,159075,636300,0.0,-100.0,123.0,-100.0,0.0,35
319,6199224,1549806,-100.0,0.0,4432,1108,1108,35,1108,554,636580,102.343876,0.63658,35,1.0,159075,636300,0.0,-100.0,123.0,-100.0,0.0,35
320,6376032,1594008,-100.0,0.0,4536,1134,1134,36,1168,584,654768,102.998644,0.654768,36,1.0,163620,654480,0.0,-100.0,123.0,-100.0,0.0,36
321,6555664,1638916,-100.0,0.0,4832,1208,1208,37,1242,621,672956,103.6716,0.672956,37,1.0,168165,672660,0.0,-100.0,123.0,-100.0,0.0,37
322,6378752,1594688,-100.0,0.0,4704,1176,1176,36,1176,588,654768,104.326368,0.654768,36,1.0,163620,654480,0.0,-100.0,123.0,-100.0,0.0,36
323,6560288,1640072,-100.0,0.0,4800,1200,1200,37,1234,617,672956,104.999324,0.672956,37,1.0,168165,672660,0.0,-100.0,123.0,-100.0,0.0,37
324,6560544,1640136,-100.0,0.0,4984,1246,1246,37,1246,623,672956,105.67228,0.672956,37,1.0,168165,672660,0.0,-100.0,123.0,-100.0,0.0,37
325,6739152,1684788,-100.0,0.0,5020,1255,1255,38,1290,645,691144,106.363424,0.691144,38,1.0,172710,690840,0.0,-100.0,123.0,-100.0,0.0,38
326,6562048,1640512,-100.0,0.0,4600,1150,1150,37,1150,575,672956,107.03638,0.672956,37,1.0,168165,672660,0.0,-100.0,123.0,-100.0,0.0,37
327,6739376,1684844,-100.0,0.0,4860,1215,1215,38,1250,625,691144,107.727524,0.691144,38,1.0,172710,690840,0.0,-100.0,123.0,-100.0,0.0,38
328,6739416,1684854,-100.0,0.0,5040,1260,1260,38,1260,630,691144,108.418668,0.691144,38,1.0,172710,690840,0.0,-100.0,123.0,-100.0,0.0,38
329,6587752,1646938,-100.0,0.0,5040,1260,1260,37,1260,630,672956,109.091624,0.672956,37,1.0,168165,672660,0.0,-100.0,123.0,-100.0,0.0,37
330,6588760,1647190,-100.0,0.0,5040,1260,1260,37,1260,630,672956,109.76458,0.672956,37,1.0,168165,672660,0.0,-100.0,123.0,-100.0,0.0,37
331,6239120,1559780,-100.0,0.0,4504,1126,1126,35,1126,563,636580,110.40116,0.63658,35,1.0,159075,636300,0.0,-100.0,123.0,-100.0,0.0,35
332,6073808,1518452,-100.0,0.0,4256,1064,1064,34,1064,532,618392,111.019552,0.618392,34,1.0,154530,618120,0.0,-100.0,123.0,-100.0,0.0,34
333,6074576,1518644,-100.0,0.0,4352,1088,1088,34,1120,560,618392,111.637944,0.618392,34,1.0,154530,618120,0.0,-100.0,123.0,-100.0,0.0,34
334,6074576,1518644,-100.0,0.0,4376,1094,1094,34,1094,547,618392,112.256336,0.618392,34,1.0,154530,618120,0.0,-100.0,123.0,-100.0,0.0,34
335,5904592,1476148,-100.0,0.0,4128,1032,1032,33,1032,516,600204,112.85654,0.600204,33,1.0,149985,599940,0.0,-100.0,123.0,-100.0,0.0,33
336,6084288,1521072,-100.0,0.0,4212,1053,1053,34,1070,535,618392,113.474932,0.618392,34,1.0,154530,618120,0.0,-100.0,123.0,-100.0,0.0,34
337,5906928,1476732,-100.0,0.0,4032,1008,1008,33,1008,504,600204,114.075136,0.600204,33,1.0,149985,599940,0.0,-100.0,123.0,-100.0,0.0,33
338,5727840,1431960,-100.0,0.0,3712,928,928,32,928,464,582016,114.657152,0.582016,32,1.0,145440,581760,0.0,-100.0,123.0,-100.0,0.0,32
339,5553960,1388490,-100.0,0.0,3360,840,840,31,840,420,563828,115.22098,0.563828,31,1.0,140895,563580,0.0,-100.0,123.0,-100.0,0.0,31
340,5553960,1388490,-100.0,0.0,3360,840,840,31,840,420,563828,115.784808,0.563828,31,1.0,140895,563580,0.0,-100.0,123.0,-100.0,0.0,31
341,5564112,1391028,-100.0,0.0,3368,842,842,31,842,421,563828,116.348636,0.563828,31,1.0,140895,563580,0.0,-100.0,123.0,-100.0,0.0,31
342,5565872,1391468,-100.0,0.0,3228,807,807,31,822,411,563828,116.912464,0.563828,31,1.0,140895,563580,0.0,-100.0,123.0,-100.0,0.0,31
343,5571064,1392766,-100.0,0.0,3336,834,834,31,834,417,563828,117.476292,0.563828,31,1.0,140895,563580,0.0,-100.0,123.0,-100.0,0.0,31
344,5573304,1393326,-100.0,0.0,3180,795,795,31,810,405,563828,118.04012,0.563828,31,1.0,140895,563580,0.0,-100.0,123.0,-100.0,0.0,31
345,5034176,1258544,-100.0,0.0,2592,648,648,28,648,324,509264,118.549384,0.509264,28,1.0,127260,509040,0.0,-100.0,123.0,-100.0,0.0,28
346,4674912,1168728,-100.0,0.0,2384,596,596,26,596,298,472888,119.022272,0.472888,26,1.0,118170,472680,0.0,-100.0,123.0,-100.0,0.0,26
347,4676672,1169168,-100.0,0.0,2320,580,580,26,580,290,472888,119.49516,0.472888,26,1.0,118170,472680,0.0,-100.0,123.0,-100.0,0.0,26
348,4496800,1124200,-100.0,0.0,2232,558,558,25,558,279,454700,119.94986,0.4547,25,1.0,113625,454500,0.0,-100.0,123.0,-100.0,0.0,25
349,4678232,1169558,-100.0,0.0,2272,568,568,26,578,289,472888,120.422748,0.472888,26,1.0,118170,472680,0.0,-100.0,123.0,-100.0,0.0,26
350,4857064,1214266,-100.0,0.0,2344,586,586,27,598,299,491076,120.913824,0.491076,27,1.0,122715,490860,0.0,-100.0,123.0,-100.0,0.0,27
351,4870584,1217646,-100.0,0.0,2308,577,577,27,588,294,491076,121.4049,0.491076,27,1.0,122715,490860,0.0,-100.0,123.0,-100.0,0.0,27
352,4870584,1217646,-100.0,0.0,2220,555,555,27,564,282,491076,121.895976,0.491076,27,1.0,122715,490860,0.0,-100.0,123.0,-100.0,0.0,27
353,4870584,1217646,-100.0,0.0,2376,594,594,27,594,297,491076,122.387052,0.491076,27,1.0,122715,490860,0.0,-100.0,123.0,-100.0,0.0,27
354,4329408,1082352,-100.0,0.0,1848,462,462,24,462,231,436512,122.823564,0.436512,24,1.0,109080,436320,0.0,-100.0,123.0,-100.0,0.0,24
355,4329408,1082352,-100.0,0.0,1992,498,498,24,498,249,436512,123.260076,0.436512,24,1.0,109080,436320,0.0,-100.0,123.0,-100.0,0.0,24
356,4149056,1037264,-100.0,0.0,1736,434,434,23,434,217,418324,123.6784,0.418324,23,1.0,104535,418140,0.0,-100.0,123.0,-100.0,0.0,23
357,4329448,1082362,-100.0,0.0,1820,455,455,24,456,228,436512,124.114912,0.436512,24,1.0,109080,436320,0.0,-100.0,123.0,-100.0,0.0,24
358,4149056,1037264,-100.0,0.0,1784,446,446,23,446,223,418324,124.533236,0.418324,23,1.0,104535,418140,0.0,-100.0,123.0,-100.0,0.0,23
359,4149016,1037254,-100.0,0.0,1728,432,432,23,432,216,418324,124.95156,0.418324,23,1.0,104535,418140,0.0,-100.0,123.0,-100.0,0.0,23
360,4149856,1037464,-100.0,0.0,1640,410,410,23,410,205,418324,125.369884,0.418324,23,1.0,104535,418140,0.0,-100.0,123.0,-100.0,0.0,23
361,4149936,1037484,-100.0,0.0,1640,410,410,23,410,205,418324,125.788208,0.418324,23,1.0,104535,418140,0.0,-100.0,123.0,-100.0,0.0,23
362,4330368,1082592,-100.0,0.0,1648,412,412,24,412,206,436512,126.22472,0.436512,24,1.0,109080,436320,0.0,-100.0,123.0,-100.0,0.0,24
363,3980696,995174,-100.0,0.0,1584,396,396,22,396,198,400136,126.624856,0.400136,22,1.0,99990,399960,0.0,-100.0,123.0,-100.0,0.0,22
364,3983528,995882,-100.0,0.0,1584,396,396,22,396,198,400136,127.024992,0.400136,22,1.0,99990,399960,0.0,-100.0,123.0,-100.0,0.0,22
365,3802720,950680,-100.0,0.0,1560,390,390,21,390,195,381948,127.40694,0.381948,21,1.0,95445,381780,0.0,-100.0,123.0,-100.0,0.0,21
366,3644088,911022,-100.0,0.0,1520,380,380,20,380,190,363760,127.7707,0.36376,20,1.0,90900,363600,0.0,-100.0,123.0,-100.0,0.0,20
367,3463016,865754,-100.0,0.0,1368,342,342,19,342,171,345572,128.116272,0.345572,19,1.0,86355,345420,0.0,-100.0,123.0,-100.0,0.0,19
368,3280800,820200,-100.0,0.0,1224,306,306,18,306,153,327384,128.443656,0.327384,18,1.0,81810,327240,0.0,-100.0,123.0,-100.0,0.0,18
369,3281616,820404,-100.0,0.0,1224,306,306,18,306,153,327384,128.77104,0.327384,18,1.0,81810,327240,0.0,-100.0,123.0,-100.0,0.0,18
370,3099688,774922,-100.0,0.0,1088,272,272,17,272,136,309196,129.080236,0.309196,17,1.0,77265,309060,0.0,-100.0,123.0,-100.0,0.0,17
371,3282048,820512,-100.0,0.0,1156,289,289,18,306,153,327384,129.40762,0.327384,18,1.0,81810,327240,0.0,-100.0,123.0,-100.0,0.0,18
372,3282048,820512,-100.0,0.0,1224,306,306,18,306,153,327384,129.735004,0.327384,18,1.0,81810,327240,0.0,-100.0,123.0,-100.0,0.0,18
373,3282048,820512,-100.0,0.0,1156,289,289,18,306,153,327384,130.062388,0.327384,18,1.0,81810,327240,0.0,-100.0,123.0,-100.0,0.0,18
374,3282240,820560,-100.0,0.0,1176,294,294,18,294,147,327384,130.389772,0.327384,18,1.0,81810,327240,0.0,-100.0,123.0,-100.0,0.0,18
375,3099744,774936,-100.0,0.0,1008,252,252,17,252,126,309196,130.698968,0.309196,17,1.0,77265,309060,0.0,-100.0,123.0,-100.0,0.0,17
376,3282736,820684,-100.0,0.0,1044,261,261,18,278,139,327384,131.026352,0.327384,18,1.0,81810,327240,0.0,-100.0,123.0,-100.0,0.0,18
377,3283856,820964,-100.0,0.0,1120,280,280,18,280,140,327384,131.353736,0.327384,18,1.0,81810,327240,0.0,-100.0,123.0,-100.0,0.0,18
378,3467120,866780,-100.0,0.0,1192,298,298,19,316,158,345572,131.699308,0.345572,19,1.0,86355,345420,0.0,-100.0,123.0,-100.0,0.0,19
379,3467120,866780,-100.0,0.0,1216,304,304,19,304,152,345572,132.04488,0.345572,19,1.0,86355,345420,0.0,-100.0,123.0,-100.0,0.0,19
380,3284640,821160,-100.0,0.0,1080,270,270,18,270,135,327384,132.372264,0.327384,18,1.0,81810,327240,0.0,-100.0,123.0,-100.0,0.0,18
381,3284640,821160,-100.0,0.0,1088,272,272,18,272,136,327384,132.699648,0.327384,18,1.0,81810,327240,0.0,-100.0,123.0,-100.0,0.0,18
382,3103632,775908,-100.0,0.0,920,230,230,17,230,115,309196,133.008844,0.309196,17,1.0,77265,309060,0.0,-100.0,123.0,-100.0,0.0,17
383,3102160,775540,-100.0,0.0,872,218,218,17,218,109,309196,133.31804,0.309196,17,1.0,77265,309060,0.0,-100.0,123.0,-100.0,0.0,17
384,3112464,778116,-100.0,0.0,928,232,232,17,236,118,309196,133.627236,0.309196,17,1.0,77265,309060,0.0,-100.0,123.0,-100.0,0.0,17
385,3297888,824472,-100.0,0.0,996,249,249,18,254,127,327384,133.95462,0.327384,18,1.0,81810,327240,0.0,-100.0,123.0,-100.0,0.0,18
386,3114672,778668,-100.0,0.0,920,230,230,17,230,115,309196,134.263816,0.309196,17,1.0,77265,309060,0.0,-100.0,123.0,-100.0,0.0,17
387,3114672,778668,-100.0,0.0,912,228,228,17,228,114,309196,134.573012,0.309196,17,1.0,77265,309060,0.0,-100.0,123.0,-100.0,0.0,17
388,2931456,732864,-100.0,0.0,840,210,210,16,210,105,291008,134.86402,0.291008,16,1.0,72720,290880,0.0,-100.0,123.0,-100.0,0.0,16
389,2931456,732864,-100.0,0.0,840,210,210,16,210,105,291008,135.155028,0.291008,16,1.0,72720,290880,0.0,-100.0,123.0,-100.0,0.0,16
390,2931456,732864,-100.0,0.0,888,222,222,16,222,111,291008,135.446036,0.291008,16,1.0,72720,290880,0.0,-100.0,123.0,-100.0,0.0,16
391,2748240,687060,-100.0,0.0,816,204,204,15,204,102,272820,135.718856,0.27282,15,1.0,68175,272700,0.0,-100.0,123.0,-100.0,0.0,15
392,2748240,687060,-100.0,0.0,824,206,206,15,206,103,272820,135.991676,0.27282,15,1.0,68175,272700,0.0,-100.0,123.0,-100.0,0.0,15
393,2748960,687240,-100.0,0.0,800,200,200,15,200,100,272820,136.264496,0.27282,15,1.0,68175,272700,0.0,-100.0,123.0,-100.0,0.0,15
394,2749440,687360,-100.0,0.0,840,210,210,15,210,105,272820,136.537316,0.27282,15,1.0,68175,272700,0.0,-100.0,123.0,-100.0,0.0,15
395,2750072,687518,-100.0,0.0,744,186,186,15,190,95,272820,136.810136,0.27282,15,1.0,68175,272700,0.0,-100.0,123.0,-100.0,0.0,15
396,2758920,689730,-100.0,0.0,768,192,192,15,192,96,272820,137.082956,0.27282,15,1.0,68175,272700,0.0,-100.0,123.0,-100.0,0.0,15
397,2758920,689730,-100.0,0.0,728,182,182,15,182,91,272820,137.355776,0.27282,15,1.0,68175,272700,0.0,-100.0,123.0,-100.0,0.0,15
398,2758920,689730,-100.0,0.0,664,166,166,15,166,83,272820,137.628596,0.27282,15,1.0,68175,272700,0.0,-100.0,123.0,-100.0,0.0,15
399,2758920,689730,-100.0,0.0,736,184,184,15,184,92,272820,137.901416,0.27282,15,1.0,68175,272700,0.0,-100.0,123.0,-100.0,0.0,15
400,2944872,736218,-100.0,0.0,804,201,201,16,216,108,291008,138.192424,0.291008,16,1.0,72720,290880,0.0,-100.0,123.0,-100.0,0.0,16
401,2945792,736448,-100.0,0.0,848,212,212,16,212,106,291008,138.483432,0.291008,16,1.0,72720,290880,0.0,-100.0,123.0,-100.0,0.0,16
402,2945792,736448,-100.0,0.0,776,194,194,16,194,97,291008,138.77444,0.291008,16,1.0,72720,290880,0.0,-100.0,123.0,-100.0,0.0,16
403,3129904,782476,-100.0,0.0,864,216,216,17,230,115,309196,139.083636,0.309196,17,1.0,77265,309060,0.0,-100.0,123.0,-100.0,0.0,17
404,2945792,736448,-100.0,0.0,848,212,212,16,212,106,291008,139.374644,0.291008,16,1.0,72720,290880,0.0,-100.0,123.0,-100.0,0.0,16
405,3129904,782476,-100.0,0.0,888,222,222,17,238,119,309196,139.68384,0.309196,17,1.0,77265,309060,0.0,-100.0,123.0,-100.0,0.0,17
406,3498128,874532,-100.0,0.0,1032,258,258,19,292,146,345572,140.029412,0.345572,19,1.0,86355,345420,0.0,-100.0,123.0,-100.0,0.0,19
407,3498160,874540,-100.0,0.0,1160,290,290,19,290,145,345572,140.374984,0.345572,19,1.0,86355,345420,0.0,-100.0,123.0,-100.0,0.0,19
408,3866664,966666,-100.0,0.0,1228,307,307,21,326,163,381948,140.756932,0.381948,21,1.0,95445,381780,0.0,-100.0,123.0,-100.0,0.0,21
409,3682992,920748,-100.0,0.0,1116,279,279,20,296,148,363760,141.120692,0.36376,20,1.0,90900,363600,0.0,-100.0,123.0,-100.0,0.0,20
410,3499872,874968,-100.0,0.0,1024,256,256,19,256,128,345572,141.466264,0.345572,19,1.0,86355,345420,0.0,-100.0,123.0,-100.0,0.0,19
411,3316176,829044,-100.0,0.0,888,222,222,18,222,111,327384,141.793648,0.327384,18,1.0,81810,327240,0.0,-100.0,123.0,-100.0,0.0,18
412,3498704,874676,-100.0,0.0,892,223,223,19,252,126,345572,142.13922,0.345572,19,1.0,86355,345420,0.0,-100.0,123.0,-100.0,0.0,19
413,3316360,829090,-100.0,0.0,912,228,228,18,228,114,327384,142.466604,0.327384,18,1.0,81810,327240,0.0,-100.0,123.0,-100.0,0.0,18
414,3314448,828612,-100.0,0.0,824,206,206,18,220,110,327384,142.793988,0.327384,18,1.0,81810,327240,0.0,-100.0,123.0,-100.0,0.0,18
415,3322400,830600,-100.0,0.0,1000,250,250,18,250,125,327384,143.121372,0.327384,18,1.0,81810,327240,0.0,-100.0,123.0,-100.0,0.0,18
416,2955632,738908,-100.0,0.0,752,188,188,16,188,94,291008,143.41238,0.291008,16,1.0,72720,290880,0.0,-100.0,123.0,-100.0,0.0,16
417,2955824,738956,-100.0,0.0,688,172,172,16,172,86,291008,143.703388,0.291008,16,1.0,72720,290880,0.0,-100.0,123.0,-100.0,0.0,16
418,2771008,692752,-100.0,0.0,592,148,148,15,148,74,272820,143.976208,0.27282,15,1.0,68175,272700,0.0,-100.0,123.0,-100.0,0.0,15
419,2586768,646692,-100.0,0.0,528,132,132,14,132,66,254632,144.23084,0.254632,14,1.0,63630,254520,0.0,-100.0,123.0,-100.0,0.0,14
420,2587920,646980,-100.0,0.0,492,123,123,14,134,67,254632,144.485472,0.254632,14,1.0,63630,254520,0.0,-100.0,123.0,-100.0,0.0,14
421,2217792,554448,-100.0,0.0,528,132,132,12,132,66,218256,144.703728,0.218256,12,1.0,54540,218160,0.0,-100.0,123.0,-100.0,0.0,12
422,2217792,554448,-100.0,0.0,528,132,132,12,132,66,218256,144.921984,0.218256,12,1.0,54540,218160,0.0,-100.0,123.0,-100.0,0.0,12
423,1848304,462076,-100.0,0.0,344,86,86,10,86,43,181880,145.103864,0.18188,10,1.0,45450,181800,0.0,-100.0,123.0,-100.0,0.0,10
424,1663680,415920,-100.0,0.0,280,70,70,9,70,35,163692,145.267556,0.163692,9,1.0,40905,163620,0.0,-100.0,123.0,-100.0,0.0,9
425,1663752,415938,-100.0,0.0,272,68,68,9,68,34,163692,145.431248,0.163692,9,1.0,40905,163620,0.0,-100.0,123.0,-100.0,0.0,9
426,1666008,416502,-100.0,0.0,272,68,68,9,68,34,163692,145.59494,0.163692,9,1.0,40905,163620,0.0,-100.0,123.0,-100.0,0.0,9
427,1666584,416646,-100.0,0.0,272,68,68,9,68,34,163692,145.758632,0.163692,9,1.0,40905,163620,0.0,-100.0,123.0,-100.0,0.0,9
428,1481408,370352,-100.0,0.0,224,56,56,8,56,28,145504,145.904136,0.145504,8,1.0,36360,145440,0.0,-100.0,123.0,-100.0,0.0,8
429,1296232,324058,-100.0,0.0,168,42,42,7,42,21,127316,146.031452,0.127316,7,1.0,31815,127260,0.0,-100.0,123.0,-100.0,0.0,7
430,1296232,324058,-100.0,0.0,168,42,42,7,42,21,127316,146.158768,0.127316,7,1.0,31815,127260,0.0,-100.0,123.0,-100.0,0.0,7
431,1296232,324058,-100.0,0.0,168,42,42,7,42,21,127316,146.286084,0.127316,7,1.0,31815,127260,0.0,-100.0,123.0,-100.0,0.0,7
432,1296232,324058,-100.0,0.0,168,42,42,7,42,21,127316,146.4134,0.127316,7,1.0,31815,127260,0.0,-100.0,123.0,-100.0,0.0,7
433,1296232,324058,-100.0,0.0,168,42,42,7,42,21,127316,146.540716,0.127316,7,1.0,31815,127260,0.0,-100.0,123.0,-100.0,0.0,7
434,1111096,277774,-100.0,0.0,120,30,30,6,30,15,109128,146.649844,0.109128,6,1.0,27270,109080,0.0,-100.0,123.0,-100.0,0.0,6
435,925920,231480,-100.0,0.0,80,20,20,5,20,10,90940,146.740784,0.09094,5,1.0,22725,90900,0.0,-100.0,123.0,-100.0,0.0,5
436,925920,231480,-100.0,0.0,80,20,20,5,20,10,90940,146.831724,0.09094,5,1.0,22725,90900,0.0,-100.0,123.0,-100.0,0.0,5
437,1111104,277776,-100.0,0.0,100,25,25,6,30,15,109128,146.940852,0.109128,6,1.0,27270,109080,0.0,-100.0,123.0,-100.0,0.0,6
438,925920,231480,-100.0,0.0,80,20,20,5,20,10,90940,147.031792,0.09094,5,1.0,22725,90900,0.0,-100.0,123.0,-100.0,0.0,5
439,740992,185248,-100.0,0.0,48,12,12,4,12,6,72752,147.104544,0.072752,4,1.0,18180,72720,0.0,-100.0,123.0,-100.0,0.0,4
440,370656,92664,-100.0,0.0,8,2,2,2,2,1,36376,147.14092,0.036376,2,1.0,9090,36360,0.0,-100.0,123.0,-100.0,0.0,2
441,556200,139050,-100.0,0.0,16,4,4,3,6,3,54564,147.195484,0.054564,3,1.0,13635,54540,0.0,-100.0,123.0,-100.0,0.0,3
442,556200,139050,-100.0,0.0,24,6,6,3,6,3,54564,147.250048,0.054564,3,1.0,13635,54540,0.0,-100.0,123.0,-100.0,0.0,3
443,556200,139050,-100.0,0.0,24,6,6,3,6,3,54564,147.304612,0.054564,3,1.0,13635,54540,0.0,-100.0,123.0,-100.0,0.0,3
444,556200,139050,-100.0,0.0,24,6,6,3,6,3,54564,147.359176,0.054564,3,1.0,13635,54540,0.0,-100.0,123.0,-100.0,0.0,3
445,556200,139050,-100.0,0.0,12,3,3,3,4,2,54564,147.41374,0.054564,3,1.0,13635,54540,0.0,-100.0,123.0,-100.0,0.0,3
446,556200,139050,-100.0,0.0,16,4,4,3,4,2,54564,147.468304,0.054564,3,1.0,13635,54540,0.0,-100.0,123.0,-100.0,0.0,3
447,556200,139050,-100.0,0.0,16,4,4,3,4,2,54564,147.522868,0.054564,3,1.0,13635,54540,0.0,-100.0,123.0,-100.0,0.0,3
448,741600,185400,-100.0,0.0,36,9,9,4,12,6,72752,147.59562,0.072752,4,1.0,18180,72720,0.0,-100.0,123.0,-100.0,0.0,4
449,741600,185400,-100.0,0.0,48,12,12,4,12,6,72752,147.668372,0.072752,4,1.0,18180,72720,0.0,-100.0,123.0,-100.0,0.0,4
450,927000,231750,-100.0,0.0,64,16,16,5,20,10,90940,147.759312,0.09094,5,1.0,22725,90900,0.0,-100.0,123.0,-100.0,0.0,5
451,927000,231750,-100.0,0.0,80,20,20,5,20,10,90940,147.850252,0.09094,5,1.0,22725,90900,0.0,-100.0,123.0,-100.0,0.0,5
452,1297800,324450,-100.0,0.0,120,30,30,7,42,21,127316,147.977568,0.127316,7,1.0,31815,127260,0.0,-100.0,123.0,-100.0,0.0,7
453,1297800,324450,-100.0,0.0,168,42,42,7,42,21,127316,148.104884,0.127316,7,1.0,31815,127260,0.0,-100.0,123.0,-100.0,0.0,7
454,1483200,370800,-100.0,0.0,196,49,49,8,56,28,145504,148.250388,0.145504,8,1.0,36360,145440,0.0,-100.0,123.0,-100.0,0.0,8
455,1483200,370800,-100.0,0.0,224,56,56,8,56,28,145504,148.395892,0.145504,8,1.0,36360,145440,0.0,-100.0,123.0,-100.0,0.0,8
456,1668600,417150,-100.0,0.0,216,54,54,9,62,31,163692,148.559584,0.163692,9,1.0,40905,163620,0.0,-100.0,123.0,-100.0,0.0,9
457,1668600,417150,-100.0,0.0,256,64,64,9,64,32,163692,148.723276,0.163692,9,1.0,40905,163620,0.0,-100.0,123.0,-100.0,0.0,9
458,1854000,463500,-100.0,0.0,300,75,75,10,84,42,181880,148.905156,0.18188,10,1.0,45450,181800,0.0,-100.0,123.0,-100.0,0.0,10
459,1854000,463500,-100.0,0.0,320,80,80,10,80,40,181880,149.087036,0.18188,10,1.0,45450,181800,0.0,-100.0,123.0,-100.0,0.0,10
460,2039400,509850,-100.0,0.0,340,85,85,11,86,43,200068,149.287104,0.200068,11,1.0,49995,199980,0.0,-100.0,123.0,-100.0,0.0,11
461,1854000,463500,-100.0,0.0,256,64,64,10,64,32,181880,149.468984,0.18188,10,1.0,45450,181800,0.0,-100.0,123.0,-100.0,0.0,10
462,1668600,417150,-100.0,0.0,224,56,56,9,56,28,163692,149.632676,0.163692,9,1.0,40905,163620,0.0,-100.0,123.0,-100.0,0.0,9
463,1854000,463500,-100.0,0.0,260,65,65,10,74,37,181880,149.814556,0.18188,10,1.0,45450,181800,0.0,-100.0,123.0,-100.0,0.0,10
464,1668600,417150,-100.0,0.0,248,62,62,9,62,31,163692,149.978248,0.163692,9,1.0,40905,163620,0.0,-100.0,123.0,-100.0,0.0,9
465,1668600,417150,-100.0,0.0,256,64,64,9,64,32,163692,150.14194,0.163692,9,1.0,40905,163620,0.0,-100.0,123.0,-100.0,0.0,9
466,1483200,370800,-100.0,0.0,200,50,50,8,50,25,145504,150.287444,0.145504,8,1.0,36360,145440,0.0,-100.0,123.0,-100.0,0.0,8
467,1483200,370800,-100.0,0.0,208,52,52,8,52,26,145504,150.432948,0.145504,8,1.0,36360,145440,0.0,-100.0,123.0,-100.0,0.0,8
468,1483200,370800,-100.0,0.0,164,41,41,8,48,24,145504,150.578452,0.145504,8,1.0,36360,145440,0.0,-100.0,123.0,-100.0,0.0,8
469,1483200,370800,-100.0,0.0,216,54,54,8,54,27,145504,150.723956,0.145504,8,1.0,36360,145440,0.0,-100.0,123.0,-100.0,0.0,8
470,1668600,417150,-100.0,0.0,228,57,57,9,64,32,163692,150.887648,0.163692,9,1.0,40905,163620,0.0,-100.0,123.0,-100.0,0.0,9
471,1668600,417150,-100.0,0.0,256,64,64,9,64,32,163692,151.05134,0.163692,9,1.0,40905,163620,0.0,-100.0,123.0,-100.0,0.0,9
472,1668600,417150,-100.0,0.0,208,52,52,9,52,26,163692,151.215032,0.163692,9,1.0,40905,163620,0.0,-100.0,123.0,-100.0,0.0,9
473,1669144,417286,-100.0,0.0,192,48,48,9,52,26,163692,151.378724,0.163692,9,1.0,40905,163620,0.0,-100.0,123.0,-100.0,0.0,9
474,1670184,417546,-100.0,0.0,232,58,58,9,58,29,163692,151.542416,0.163692,9,1.0,40905,163620,0.0,-100.0,123.0,-100.0,0.0,9
475,1684288,421072,-100.0,0.0,200,50,50,9,50,25,163692,151.706108,0.163692,9,1.0,40905,163620,0.0,-100.0,123.0,-100.0,0.0,9
476,1506680,376670,-100.0,0.0,152,38,38,8,38,19,145504,151.851612,0.145504,8,1.0,36360,145440,0.0,-100.0,123.0,-100.0,0.0,8
477,1322688,330672,-100.0,0.0,112,28,28,7,28,14,127316,151.978928,0.127316,7,1.0,31815,127260,0.0,-100.0,123.0,-100.0,0.0,7
478,1144336,286084,-100.0,0.0,96,24,24,6,24,12,109128,152.088056,0.109128,6,1.0,27270,109080,0.0,-100.0,123.0,-100.0,0.0,6
479,958120,239530,-100.0,0.0,72,18,18,5,18,9,90940,152.178996,0.09094,5,1.0,22725,90900,0.0,-100.0,123.0,-100.0,0.0,5
480,958264,239566,-100.0,0.0,64,16,16,5,16,8,90940,152.269936,0.09094,5,1.0,22725,90900,0.0,-100.0,123.0,-100.0,0.0,5
481,958360,239590,-100.0,0.0,80,20,20,5,20,10,90940,152.360876,0.09094,5,1.0,22725,90900,0.0,-100.0,123.0,-100.0,0.0,5
482,958600,239650,-100.0,0.0,80,20,20,5,20,10,90940,152.451816,0.09094,5,1.0,22725,90900,0.0,-100.0,123.0,-100.0,0.0,5
483,958600,239650,-100.0,0.0,80,20,20,5,20,10,90940,152.542756,0.09094,5,1.0,22725,90900,0.0,-100.0,123.0,-100.0,0.0,5
484,1151472,287868,-100.0,0.0,80,20,20,6,30,15,109128,152.651884,0.109128,6,1.0,27270,109080,0.0,-100.0,123.0,-100.0,0.0,6
485,1343384,335846,-100.0,0.0,144,36,36,7,42,21,127316,152.7792,0.127316,7,1.0,31815,127260,0.0,-100.0,123.0,-100.0,0.0,7
486,1919120,479780,-100.0,0.0,248,62,62,10,88,44,181880,152.96108,0.18188,10,1.0,45450,181800,0.0,-100.0,123.0,-100.0,0.0,10
487,1919120,479780,-100.0,0.0,296,74,74,10,74,37,181880,153.14296,0.18188,10,1.0,45450,181800,0.0,-100.0,123.0,-100.0,0.0,10
488,1727280,431820,-100.0,0.0,156,39,39,9,44,22,163692,153.306652,0.163692,9,1.0,40905,163620,0.0,-100.0,123.0,-100.0,0.0,9
489,1919200,479800,-100.0,0.0,184,46,46,10,52,26,181880,153.488532,0.18188,10,1.0,45450,181800,0.0,-100.0,123.0,-100.0,0.0,10
490,1919672,479918,-100.0,0.0,208,52,52,10,52,26,181880,153.670412,0.18188,10,1.0,45450,181800,0.0,-100.0,123.0,-100.0,0.0,10
491,1920448,480112,-100.0,0.0,264,66,66,10,74,37,181880,153.852292,0.18188,10,1.0,45450,181800,0.0,-100.0,123.0,-100.0,0.0,10
492,1920864,480216,-100.0,0.0,296,74,74,10,74,37,181880,154.034172,0.18188,10,1.0,45450,181800,0.0,-100.0,123.0,-100.0,0.0,10
493,1921736,480434,-100.0,0.0,264,66,66,10,74,37,181880,154.216052,0.18188,10,1.0,45450,181800,0.0,-100.0,123.0,-100.0,0.0,10
494,1925680,481420,-100.0,0.0,324,81,81,10,90,45,181880,154.397932,0.18188,10,1.0,45450,181800,0.0,-100.0,123.0,-100.0,0.0,10
495,1925680,481420,-100.0,0.0,360,90,90,10,90,45,181880,154.579812,0.18188,10,1.0,45450,181800,0.0,-100.0,123.0,-100.0,0.0,10
496,2118248,529562,-100.0,0.0,400,100,100,11,110,55,200068,154.77988,0.200068,11,1.0,49995,199980,0.0,-100.0,123.0,-100.0,0.0,11
497,2310816,577704,-100.0,0.0,484,121,121,12,132,66,218256,154.998136,0.218256,12,1.0,54540,218160,0.0,-100.0,123.0,-100.0,0.0,12
498,2310816,577704,-100.0,0.0,528,132,132,12,132,66,218256,155.216392,0.218256,12,1.0,54540,218160,0.0,-100.0,123.0,-100.0,0.0,12
499,2310816,577704,-100.0,0.0,520,130,130,12,130,65,218256,155.434648,0.218256,12,1.0,54540,218160,0.0,-100.0,123.0,-100.0,0.0,12
500,2310816,577704,-100.0,0.0,504,126,126,12,126,63,218256,155.652904,0.218256,12,1.0,54540,218160,0.0,-100.0,123.0,-100.0,0.0,12
501,2310816,577704,-100.0,0.0,496,124,124,12,124,62,218256,155.87116,0.218256,12,1.0,54540,218160,0.0,-100.0,123.0,-100.0,0.0,12
502,2503432,625858,-100.0,0.0,516,129,129,13,140,70,236444,156.107604,0.236444,13,1.0,59085,236340,0.0,-100.0,123.0,-100.0,0.0,13
503,2505424,626356,-100.0,0.0,560,140,140,13,140,70,236444,156.344048,0.236444,13,1.0,59085,236340,0.0,-100.0,123.0,-100.0,0.0,13
504,2697976,674494,-100.0,0.0,572,143,143,14,154,77,254632,156.59868,0.254632,14,1.0,63630,254520,0.0,-100.0,123.0,-100.0,0.0,14
505,2505776,626444,-100.0,0.0,608,152,152,13,152,76,236444,156.835124,0.236444,13,1.0,59085,236340,0.0,-100.0,123.0,-100.0,0.0,13
506,2505776,626444,-100.0,0.0,584,146,146,13,146,73,236444,157.071568,0.236444,13,1.0,59085,236340,0.0,-100.0,123.0,-100.0,0.0,13
507,2705056,676264,-100.0,0.0,628,157,157,14,168,84,254632,157.3262,0.254632,14,1.0,63630,254520,0.0,-100.0,123.0,-100.0,0.0,14
508,2706144,676536,-100.0,0.0,672,168,168,14,168,84,254632,157.580832,0.254632,14,1.0,63630,254520,0.0,-100.0,123.0,-100.0,0.0,14
509,2899440,724860,-100.0,0.0,700,175,175,15,186,93,272820,157.853652,0.27282,15,1.0,68175,272700,0.0,-100.0,123.0,-100.0,0.0,15
510,2706144,676536,-100.0,0.0,664,166,166,14,166,83,254632,158.108284,0.254632,14,1.0,63630,254520,0.0,-100.0,123.0,-100.0,0.0,14
511,2899440,724860,-100.0,0.0,672,168,168,15,178,89,272820,158.381104,0.27282,15,1.0,68175,272700,0.0,-100.0,123.0,-100.0,0.0,15
512,2706144,676536,-100.0,0.0,656,164,164,14,164,82,254632,158.635736,0.254632,14,1.0,63630,254520,0.0,-100.0,123.0,-100.0,0.0,14
513,2710512,677628,-100.0,0.0,640,160,160,14,160,80,254632,158.890368,0.254632,14,1.0,63630,254520,0.0,-100.0,123.0,-100.0,0.0,14
514,2323584,580896,-100.0,0.0,472,118,118,12,118,59,218256,159.108624,0.218256,12,1.0,54540,218160,0.0,-100.0,123.0,-100.0,0.0,12
515,2324016,581004,-100.0,0.0,432,108,108,12,108,54,218256,159.32688,0.218256,12,1.0,54540,218160,0.0,-100.0,123.0,-100.0,0.0,12
516,1936320,484080,-100.0,0.0,344,86,86,10,86,43,181880,159.50876,0.18188,10,1.0,45450,181800,0.0,-100.0,123.0,-100.0,0.0,10
517,1746336,436584,-100.0,0.0,288,72,72,9,72,36,163692,159.672452,0.163692,9,1.0,40905,163620,0.0,-100.0,123.0,-100.0,0.0,9
518,1359768,339942,-100.0,0.0,168,42,42,7,42,21,127316,159.799768,0.127316,7,1.0,31815,127260,0.0,-100.0,123.0,-100.0,0.0,7
519,1165536,291384,-100.0,0.0,120,30,30,6,30,15,109128,159.908896,0.109128,6,1.0,27270,109080,0.0,-100.0,123.0,-100.0,0.0,6
520,1165536,291384,-100.0,0.0,120,30,30,6,30,15,109128,160.018024,0.109128,6,1.0,27270,109080,0.0,-100.0,123.0,-100.0,0.0,6
521,971280,242820,-100.0,0.0,80,20,20,5,20,10,90940,160.108964,0.09094,5,1.0,22725,90900,0.0,-100.0,123.0,-100.0,0.0,5
522,971280,242820,-100.0,0.0,80,20,20,5,20,10,90940,160.199904,0.09094,5,1.0,22725,90900,0.0,-100.0,123.0,-100.0,0.0,5
523,971280,242820,-100.0,0.0,80,20,20,5,20,10,90940,160.290844,0.09094,5,1.0,22725,90900,0.0,-100.0,123.0,-100.0,0.0,5
524,971280,242820,-100.0,0.0,80,20,20,5,20,10,90940,160.381784,0.09094,5,1.0,22725,90900,0.0,-100.0,123.0,-100.0,0.0,5
525,777024,194256,-100.0,0.0,48,12,12,4,12,6,72752,160.454536,0.072752,4,1.0,18180,72720,0.0,-100.0,123.0,-100.0,0.0,4
526,777024,194256,-100.0,0.0,48,12,12,4,12,6,72752,160.527288,0.072752,4,1.0,18180,72720,0.0,-100.0,123.0,-100.0,0.0,4
527,971280,242820,-100.0,0.0,64,16,16,5,20,10,90940,160.618228,0.09094,5,1.0,22725,90900,0.0,-100.0,123.0,-100.0,0.0,5
528,971280,242820,-100.0,0.0,80,20,20,5,20,10,90940,160.709168,0.09094,5,1.0,22725,90900,0.0,-100.0,123.0,-100.0,0.0,5
529,1165536,291384,-100.0,0.0,100,25,25,6,30,15,109128,160.818296,0.109128,6,1.0,27270,109080,0.0,-100.0,123.0,-100.0,0.0,6
530,1165536,291384,-100.0,0.0,120,30,30,6,30,15,109128,160.927424,0.109128,6,1.0,27270,109080,0.0,-100.0,123.0,-100.0,0.0,6
531,1359792,339948,-100.0,0.0,144,36,36,7,42,21,127316,161.05474,0.127316,7,1.0,31815,127260,0.0,-100.0,123.0,-100.0,0.0,7
532,1165536,291384,-100.0,0.0,120,30,30,6,30,15,109128,161.163868,0.109128,6,1.0,27270,109080,0.0,-100.0,123.0,-100.0,0.0,6
533,1165536,291384,-100.0,0.0,120,30,30,6,30,15,109128,161.272996,0.109128,6,1.0,27270,109080,0.0,-100.0,123.0,-100.0,0.0,6
534,1165536,291384,-100.0,0.0,100,25,25,6,30,15,109128,161.382124,0.109128,6,1.0,27270,109080,0.0,-100.0,123.0,-100.0,0.0,6
535,971280,242820,-100.0,0.0,80,20,20,5,20,10,90940,161.473064,0.09094,5,1.0,22725,90900,0.0,-100.0,123.0,-100.0,0.0,5
536,971280,242820,-100.0,0.0,80,20,20,5,20,10,90940,161.564004,0.09094,5,1.0,22725,90900,0.0,-100.0,123.0,-100.0,0.0,5
537,971280,242820,-100.0,0.0,80,20,20,5,20,10,90940,161.654944,0.09094,5,1.0,22725,90900,0.0,-100.0,123.0,-100.0,0.0,5
538,971280,242820,-100.0,0.0,56,14,14,5,18,9,90940,161.745884,0.09094,5,1.0,22725,90900,0.0,-100.0,123.0,-100.0,0.0,5
539,971280,242820,-100.0,0.0,80,20,20,5,20,10,90940,161.836824,0.09094,5,1.0,22725,90900,0.0,-100.0,123.0,-100.0,0.0,5
540,971280,242820,-100.0,0.0,72,18,18,5,18,9,90940,161.927764,0.09094,5,1.0,22725,90900,0.0,-100.0,123.0,-100.0,0.0,5
541,971280,242820,-100.0,0.0,72,18,18,5,18,9,90940,162.018704,0.09094,5,1.0,22725,90900,0.0,-100.0,123.0,-100.0,0.0,5
542,971280,242820,-100.0,0.0,80,20,20,5,20,10,90940,162.109644,0.09094,5,1.0,22725,90900,0.0,-100.0,123.0,-100.0,0.0,5
543,971280,242820,-100.0,0.0,72,18,18,5,18,9,90940,162.200584,0.09094,5,1.0,22725,90900,0.0,-100.0,123.0,-100.0,0.0,5
544,1165536,291384,-100.0,0.0,76,19,19,6,24,12,109128,162.309712,0.109128,6,1.0,27270,109080,0.0,-100.0,123.0,-100.0,0.0,6
545,1165536,291384,-100.0,0.0,96,24,24,6,24,12,109128,162.41884,0.109128,6,1.0,27270,109080,0.0,-100.0,123.0,-100.0,0.0,6
546,1359792,339948,-100.0,0.0,136,34,34,7,40,20,127316,162.546156,0.127316,7,1.0,31815,127260,0.0,-100.0,123.0,-100.0,0.0,7
547,1165536,291384,-100.0,0.0,120,30,30,6,30,15,109128,162.655284,0.109128,6,1.0,27270,109080,0.0,-100.0,123.0,-100.0,0.0,6
548,1359792,339948,-100.0,0.0,120,30,30,7,36,18,127316,162.7826,0.127316,7,1.0,31815,127260,0.0,-100.0,123.0,-100.0,0.0,7
549,1359792,339948,-100.0,0.0,136,34,34,7,34,17,127316,162.909916,0.127316,7,1.0,31815,127260,0.0,-100.0,123.0,-100.0,0.0,7
550,1359792,339948,-100.0,0.0,104,26,26,7,26,13,127316,163.037232,0.127316,7,1.0,31815,127260,0.0,-100.0,123.0,-100.0,0.0,7
551,1554048,388512,-100.0,0.0,120,30,30,8,36,18,145504,163.182736,0.145504,8,1.0,36360,145440,0.0,-100.0,123.0,-100.0,0.0,8
552,971280,242820,-100.0,0.0,80,20,20,5,20,10,90940,163.273676,0.09094,5,1.0,22725,90900,0.0,-100.0,123.0,-100.0,0.0,5
553,971280,242820,-100.0,0.0,80,20,20,5,20,10,90940,163.364616,0.09094,5,1.0,22725,90900,0.0,-100.0,123.0,-100.0,0.0,5
554,1165536,291384,-100.0,0.0,88,22,22,6,22,11,109128,163.473744,0.109128,6,1.0,27270,109080,0.0,-100.0,123.0,-100.0,0.0,6
555,1165536,291384,-100.0,0.0,80,20,20,6,24,12,109128,163.582872,0.109128,6,1.0,27270,109080,0.0,-100.0,123.0,-100.0,0.0,6
556,1165536,291384,-100.0,0.0,104,26,26,6,26,13,109128,163.692,0.109128,6,1.0,27270,109080,0.0,-100.0,123.0,-100.0,0.0,6
557,1359792,339948,-100.0,0.0,108,27,27,7,32,16,127316,163.819316,0.127316,7,1.0,31815,127260,0.0,-100.0,123.0,-100.0,0.0,7
558,1359792,339948,-100.0,0.0,112,28,28,7,28,14,127316,163.946632,0.127316,7,1.0,31815,127260,0.0,-100.0,123.0,-100.0,0.0,7
559,1359792,339948,-100.0,0.0,96,24,24,7,24,12,127316,164.073948,0.127316,7,1.0,31815,127260,0.0,-100.0,123.0,-100.0,0.0,7
560,1360448,340112,-100.0,0.0,96,24,24,7,24,12,127316,164.201264,0.127316,7,1.0,31815,127260,0.0,-100.0,123.0,-100.0,0.0,7
561,1360912,340228,-100.0,0.0,88,22,22,7,22,11,127316,164.32858,0.127316,7,1.0,31815,127260,0.0,-100.0,123.0,-100.0,0.0,7
562,1361032,340258,-100.0,0.0,88,22,22,7,22,11,127316,164.455896,0.127316,7,1.0,31815,127260,0.0,-100.0,123.0,-100.0,0.0,7
563,1166664,291666,-100.0,0.0,56,14,14,6,14,7,109128,164.565024,0.109128,6,1.0,27270,109080,0.0,-100.0,123.0,-100.0,0.0,6
564,1361152,340288,-100.0,0.0,60,15,15,7,18,9,127316,164.69234,0.127316,7,1.0,31815,127260,0.0,-100.0,123.0,-100.0,0.0,7
565,1166688,291672,-100.0,0.0,80,20,20,6,20,10,109128,164.801468,0.109128,6,1.0,27270,109080,0.0,-100.0,123.0,-100.0,0.0,6
566,1167424,291856,-100.0,0.0,64,16,16,6,16,8,109128,164.910596,0.109128,6,1.0,27270,109080,0.0,-100.0,123.0,-100.0,0.0,6
567,1363008,340752,-100.0,0.0,60,15,15,7,18,9,127316,165.037912,0.127316,7,1.0,31815,127260,0.0,-100.0,123.0,-100.0,0.0,7
568,1753456,438364,-100.0,0.0,96,24,24,9,36,18,163692,165.201604,0.163692,9,1.0,40905,163620,0.0,-100.0,123.0,-100.0,0.0,9
569,1753648,438412,-100.0,0.0,160,40,40,9,40,20,163692,165.365296,0.163692,9,1.0,40905,163620,0.0,-100.0,123.0,-100.0,0.0,9
570,2145624,536406,-100.0,0.0,208,52,52,11,66,33,200068,165.565364,0.200068,11,1.0,49995,199980,0.0,-100.0,123.0,-100.0,0.0,11
571,2340768,585192,-100.0,0.0,304,76,76,12,84,42,218256,165.78362,0.218256,12,1.0,54540,218160,0.0,-100.0,123.0,-100.0,0.0,12
572,2731896,682974,-100.0,0.0,352,88,88,14,98,49,254632,166.038252,0.254632,14,1.0,63630,254520,0.0,-100.0,123.0,-100.0,0.0,14
573,3135240,783810,-100.0,0.0,396,99,99,16,110,55,291008,166.32926,0.291008,16,1.0,72720,290880,0.0,-100.0,123.0,-100.0,0.0,16
574,3341264,835316,-100.0,0.0,496,124,124,17,134,67,309196,166.638456,0.309196,17,1.0,77265,309060,0.0,-100.0,123.0,-100.0,0.0,17
575,3149104,787276,-100.0,0.0,536,134,134,16,144,72,291008,166.929464,0.291008,16,1.0,72720,290880,0.0,-100.0,123.0,-100.0,0.0,16
576,3548128,887032,-100.0,0.0,672,168,168,18,192,96,327384,167.256848,0.327384,18,1.0,81810,327240,0.0,-100.0,123.0,-100.0,0.0,18
577,3562248,890562,-100.0,0.0,752,188,188,18,188,94,327384,167.584232,0.327384,18,1.0,81810,327240,0.0,-100.0,123.0,-100.0,0.0,18
578,3579744,894936,-100.0,0.0,720,180,180,18,192,96,327384,167.911616,0.327384,18,1.0,81810,327240,0.0,-100.0,123.0,-100.0,0.0,18
579,4201912,1050478,-100.0,0.0,900,225,225,21,254,127,381948,168.293564,0.381948,21,1.0,95445,381780,0.0,-100.0,123.0,-100.0,0.0,21
580,3606400,901600,-100.0,0.0,844,211,211,18,226,113,327384,168.620948,0.327384,18,1.0,81810,327240,0.0,-100.0,123.0,-100.0,0.0,18
581,3822000,955500,-100.0,0.0,888,222,222,19,222,111,345572,168.96652,0.345572,19,1.0,86355,345420,0.0,-100.0,123.0,-100.0,0.0,19
582,3826992,956748,-100.0,0.0,840,210,210,19,224,112,345572,169.312092,0.345572,19,1.0,86355,345420,0.0,-100.0,123.0,-100.0,0.0,19
583,3845136,961284,-100.0,0.0,928,232,232,19,232,116,345572,169.657664,0.345572,19,1.0,86355,345420,0.0,-100.0,123.0,-100.0,0.0,19
584,4061200,1015300,-100.0,0.0,944,236,236,20,252,126,363760,170.021424,0.36376,20,1.0,90900,363600,0.0,-100.0,123.0,-100.0,0.0,20
585,4064560,1016140,-100.0,0.0,984,246,246,20,246,123,363760,170.385184,0.36376,20,1.0,90900,363600,0.0,-100.0,123.0,-100.0,0.0,20
586,3863632,965908,-100.0,0.0,968,242,242,19,242,121,345572,170.730756,0.345572,19,1.0,86355,345420,0.0,-100.0,123.0,-100.0,0.0,19
587,3863104,965776,-100.0,0.0,952,238,238,19,238,119,345572,171.076328,0.345572,19,1.0,86355,345420,0.0,-100.0,123.0,-100.0,0.0,19
588,3662664,915666,-100.0,0.0,808,202,202,18,202,101,327384,171.403712,0.327384,18,1.0,81810,327240,0.0,-100.0,123.0,-100.0,0.0,18
589,3663672,915918,-100.0,0.0,800,200,200,18,200,100,327384,171.731096,0.327384,18,1.0,81810,327240,0.0,-100.0,123.0,-100.0,0.0,18
590,3868432,967108,-100.0,0.0,840,210,210,19,210,105,345572,172.076668,0.345572,19,1.0,86355,345420,0.0,-100.0,123.0,-100.0,0.0,19
591,3664376,916094,-100.0,0.0,848,212,212,18,212,106,327384,172.404052,0.327384,18,1.0,81810,327240,0.0,-100.0,123.0,-100.0,0.0,18
592,3462032,865508,-100.0,0.0,736,184,184,17,184,92,309196,172.713248,0.309196,17,1.0,77265,309060,0.0,-100.0,123.0,-100.0,0.0,17
593,3461280,865320,-100.0,0.0,752,188,188,17,188,94,309196,173.022444,0.309196,17,1.0,77265,309060,0.0,-100.0,123.0,-100.0,0.0,17
594,2854096,713524,-100.0,0.0,656,164,164,14,164,82,254632,173.277076,0.254632,14,1.0,63630,254520,0.0,-100.0,123.0,-100.0,0.0,14
595,2854096,713524,-100.0,0.0,688,172,172,14,172,86,254632,173.531708,0.254632,14,1.0,63630,254520,0.0,-100.0,123.0,-100.0,0.0,14
596,2454384,613596,-100.0,0.0,512,128,128,12,128,64,218256,173.749964,0.218256,12,1.0,54540,218160,0.0,-100.0,123.0,-100.0,0.0,12
597,2251232,562808,-100.0,0.0,440,110,110,11,110,55,200068,173.950032,0.200068,11,1.0,49995,199980,0.0,-100.0,123.0,-100.0,0.0,11
598,2047920,511980,-100.0,0.0,336,84,84,10,84,42,181880,174.131912,0.18188,10,1.0,45450,181800,0.0,-100.0,123.0,-100.0,0.0,10
599,1843128,460782,-100.0,0.0,288,72,72,9,72,36,163692,174.295604,0.163692,9,1.0,40905,163620,0.0,-100.0,123.0,-100.0,0.0,9
600,1843328,460832,-100.0,0.0,288,72,72,9,72,36,163692,174.459296,0.163692,9,1.0,40905,163620,0.0,-100.0,123.0,-100.0,0.0,9
601,1434744,358686,-100.0,0.0,168,42,42,7,42,21,127316,174.586612,0.127316,7,1.0,31815,127260,0.0,-100.0,123.0,-100.0,0.0,7
602,1434944,358736,-100.0,0.0,168,42,42,7,42,21,127316,174.713928,0.127316,7,1.0,31815,127260,0.0,-100.0,123.0,-100.0,0.0,7
603,1229952,307488,-100.0,0.0,112,28,28,6,28,14,109128,174.823056,0.109128,6,1.0,27270,109080,0.0,-100.0,123.0,-100.0,0.0,6
604,819968,204992,-100.0,0.0,40,10,10,4,10,5,72752,174.895808,0.072752,4,1.0,18180,72720,0.0,-100.0,123.0,-100.0,0.0,4
605,614976,153744,-100.0,0.0,24,6,6,3,8,4,54564,174.950372,0.054564,3,1.0,13635,54540,0.0,-100.0,123.0,-100.0,0.0,3
606,410432,102608,-100.0,0.0,16,4,4,4,4,2,72752,175.023124,0.072752,4,1.0,18180,72720,0.0,-100.0,123.0,-100.0,0.0,4
607,410640,102660,-100.0,0.0,16,4,4,4,4,2,72752,175.095876,0.072752,4,1.0,18180,72720,0.0,-100.0,123.0,-100.0,0.0,4
608,848,212,-100.0,0.0,8,2,2,2,2,1,36376,175.132252,0.036376,2,1.0,9090,36360,0.0,-100.0,123.0,-100.0,0.0,2
609,960,240,-100.0,0.0,8,2,2,2,2,1,36376,175.168628,0.036376,2,1.0,9090,36360,0.0,-100.0,123.0,-100.0,0.0,2
610,1088,272,-100.0,0.0,8,2,2,2,2,1,36376,175.205004,0.036376,2,1.0,9090,36360,0.0,-100.0,123.0,-100.0,0.0,2
611,1360,340,-100.0,0.0,8,2,2,2,2,1,36376,175.24138,0.036376,2,1.0,9090,36360,0.0,-100.0,123.0,-100.0,0.0,2
612,1648,412,-100.0,0.0,8,2,2,2,2,1,36376,175.277756,0.036376,2,1.0,9090,36360,0.0,-100.0,123.0,-100.0,0.0,2
613,1968,492,-100.0,0.0,8,2,2,2,2,1,36376,175.314132,0.036376,2,1.0,9090,36360,0.0,-100.0,123.0,-100.0,0.0,2
614,0,0,-100.0,0.0,0,0,0,0,0,0,0,175.314132,0.0,0,1.0,0,0,0.0,-100.0,123.0,-100.0,0.0,0
615,0,0,-100.0,0.0,0,0,0,0,0,0,0,175.314132,0.0,0,1.0,0,0,0.0,-100.0,123.0,-100.0,0.0,0
616,0,0,-100.0,0.0,0,0,0,0,0,0,0,175.314132,0.0,0,1.0,0,0,0.0,-100.0,123.0,-100.0,0.0,0
617,0,0,-100.0,0.0,0,0,0,0,0,0,0,175.314132,0.0,0,1.0,0,0,0.0,-100.0,123.0,-100.0,0.0,0
618,0,0,-100.0,0.0,0,0,0,0,0,0,0,175.314132,0.0,0,1.0,0,0,0.0,-100.0,123.0,-100.0,0.0,0
619,0,0,-100.0,0.0,0,0,0,0,0,0,0,175.314132,0.0,0,1.0,0,0,0.0,-100.0,123.0,-100.0,0.0,0
620,0,0,-100.0,0.0,0,0,0,0,0,0,0,175.314132,0.0,0,1.0,0,0,0.0,-100.0,123.0,-100.0,0.0,0
621,0,0,-100.0,0.0,0,0,0,0,2,1,0,175.314132,0.0,0,1.0,0,0,0.0,-100.0,123.0,-100.0,0.0,0
622,1920,480,-100.0,0.0,12,3,3,3,4,2,54564,175.368696,0.054564,3,1.0,13635,54540,0.0,-100.0,123.0,-100.0,0.0,3
623,18632,4658,-100.0,0.0,40,10,10,5,16,8,90940,175.459636,0.09094,5,1.0,22725,90900,0.0,-100.0,123.0,-100.0,0.0,5
624,38312,9578,-100.0,0.0,56,14,14,5,14,7,90940,175.550576,0.09094,5,1.0,22725,90900,0.0,-100.0,123.0,-100.0,0.0,5
625,88176,22044,-100.0,0.0,100,25,25,7,44,22,127316,175.677892,0.127316,7,1.0,31815,127260,0.0,-100.0,123.0,-100.0,0.0,7
626,144064,36016,-100.0,0.0,192,48,48,8,48,24,145504,175.823396,0.145504,8,1.0,36360,145440,0.0,-100.0,123.0,-100.0,0.0,8
627,234840,58710,-100.0,0.0,256,64,64,10,82,41,181880,176.005276,0.18188,10,1.0,45450,181800,0.0,-100.0,123.0,-100.0,0.0,10
628,366680,91670,-100.0,0.0,384,96,96,11,102,51,200068,176.205344,0.200068,11,1.0,49995,199980,0.0,-100.0,123.0,-100.0,0.0,11
629,534960,133740,-100.0,0.0,448,112,112,12,122,61,218256,176.4236,0.218256,12,1.0,54540,218160,0.0,-100.0,123.0,-100.0,0.0,12
630,664832,166208,-100.0,0.0,464,116,116,13,126,63,236444,176.660044,0.236444,13,1.0,59085,236340,0.0,-100.0,123.0,-100.0,0.0,13
631,785696,196424,-100.0,0.0,568,142,142,13,142,71,236444,176.896488,0.236444,13,1.0,59085,236340,0.0,-100.0,123.0,-100.0,0.0,13
632,837752,209438,-100.0,0.0,592,148,148,13,148,74,236444,177.132932,0.236444,13,1.0,59085,236340,0.0,-100.0,123.0,-100.0,0.0,13
633,960216,240054,-100.0,0.0,612,153,153,14,164,82,254632,177.387564,0.254632,14,1.0,63630,254520,0.0,-100.0,123.0,-100.0,0.0,14
634,1050880,262720,-100.0,0.0,736,184,184,15,196,98,272820,177.660384,0.27282,15,1.0,68175,272700,0.0,-100.0,123.0,-100.0,0.0,15
635,1158608,289652,-100.0,0.0,812,203,203,16,214,107,291008,177.951392,0.291008,16,1.0,72720,290880,0.0,-100.0,123.0,-100.0,0.0,16
636,1166544,291636,-100.0,0.0,840,210,210,16,210,105,291008,178.2424,0.291008,16,1.0,72720,290880,0.0,-100.0,123.0,-100.0,0.0,16
637,1171856,292964,-100.0,0.0,832,208,208,16,208,104,291008,178.533408,0.291008,16,1.0,72720,290880,0.0,-100.0,123.0,-100.0,0.0,16
638,1191368,297842,-100.0,0.0,816,204,204,16,204,102,291008,178.824416,0.291008,16,1.0,72720,290880,0.0,-100.0,123.0,-100.0,0.0,16
639,1219424,304856,-100.0,0.0,864,216,216,16,216,108,291008,179.115424,0.291008,16,1.0,72720,290880,0.0,-100.0,123.0,-100.0,0.0,16
640,1258584,314646,-100.0,0.0,872,218,218,16,218,109,291008,179.406432,0.291008,16,1.0,72720,290880,0.0,-100.0,123.0,-100.0,0.0,16
641,1355864,338966,-100.0,0.0,824,206,206,15,206,103,272820,179.679252,0.27282,15,1.0,68175,272700,0.0,-100.0,123.0,-100.0,0.0,15
642,1406744,351686,-100.0,0.0,816,204,204,15,204,102,272820,179.952072,0.27282,15,1.0,68175,272700,0.0,-100.0,123.0,-100.0,0.0,15
643,1322632,330658,-100.0,0.0,664,166,166,14,166,83,254632,180.206704,0.254632,14,1.0,63630,254520,0.0,-100.0,123.0,-100.0,0.0,14
644,1239608,309902,-100.0,0.0,584,146,146,13,146,73,236444,180.443148,0.236444,13,1.0,59085,236340,0.0,-100.0,123.0,-100.0,0.0,13
645,1154560,288640,-100.0,0.0,488,122,122,12,122,61,218256,180.661404,0.218256,12,1.0,54540,218160,0.0,-100.0,123.0,-100.0,0.0,12
646,1081464,270366,-100.0,0.0,392,98,98,11,98,49,200068,180.861472,0.200068,11,1.0,49995,199980,0.0,-100.0,123.0,-100.0,0.0,11
647,1101056,275264,-100.0,0.0,328,82,82,11,90,45,200068,181.06154,0.200068,11,1.0,49995,199980,0.0,-100.0,123.0,-100.0,0.0,11
648,1304392,326098,-100.0,0.0,416,104,104,13,124,62,236444,181.297984,0.236444,13,1.0,59085,236340,0.0,-100.0,123.0,-100.0,0.0,13
649,1320352,330088,-100.0,0.0,472,118,118,13,118,59,236444,181.534428,0.236444,13,1.0,59085,236340,0.0,-100.0,123.0,-100.0,0.0,13
650,1244776,311194,-100.0,0.0,484,121,121,12,132,66,218256,181.752684,0.218256,12,1.0,54540,218160,0.0,-100.0,123.0,-100.0,0.0,12
651,1167944,291986,-100.0,0.0,432,108,108,11,108,54,200068,181.952752,0.200068,11,1.0,49995,199980,0.0,-100.0,123.0,-100.0,0.0,11
652,1176752,294188,-100.0,0.0,432,108,108,11,108,54,200068,182.15282,0.200068,11,1.0,49995,199980,0.0,-100.0,123.0,-100.0,0.0,11
653,1181320,295330,-100.0,0.0,400,100,100,11,110,55,200068,182.352888,0.200068,11,1.0,49995,199980,0.0,-100.0,123.0,-100.0,0.0,11
654,1079872,269968,-100.0,0.0,360,90,90,10,90,45,181880,182.534768,0.18188,10,1.0,45450,181800,0.0,-100.0,123.0,-100.0,0.0,10
655,983312,245828,-100.0,0.0,288,72,72,9,72,36,163692,182.69846,0.163692,9,1.0,40905,163620,0.0,-100.0,123.0,-100.0,0.0,9
656,874552,218638,-100.0,0.0,224,56,56,8,56,28,145504,182.843964,0.145504,8,1.0,36360,145440,0.0,-100.0,123.0,-100.0,0.0,8
657,983960,245990,-100.0,0.0,256,64,64,9,72,36,163692,183.007656,0.163692,9,1.0,40905,163620,0.0,-100.0,123.0,-100.0,0.0,9
658,874688,218672,-100.0,0.0,224,56,56,8,56,28,145504,183.15316,0.145504,8,1.0,36360,145440,0.0,-100.0,123.0,-100.0,0.0,8
659,984040,246010,-100.0,0.0,256,64,64,9,72,36,163692,183.316852,0.163692,9,1.0,40905,163620,0.0,-100.0,123.0,-100.0,0.0,9
660,984512,246128,-100.0,0.0,256,64,64,9,72,36,163692,183.480544,0.163692,9,1.0,40905,163620,0.0,-100.0,123.0,-100.0,0.0,9
661,875456,218864,-100.0,0.0,224,56,56,8,56,28,145504,183.626048,0.145504,8,1.0,36360,145440,0.0,-100.0,123.0,-100.0,0.0,8
662,875584,218896,-100.0,0.0,224,56,56,8,56,28,145504,183.771552,0.145504,8,1.0,36360,145440,0.0,-100.0,123.0,-100.0,0.0,8
663,985176,246294,-100.0,0.0,240,60,60,9,68,34,163692,183.935244,0.163692,9,1.0,40905,163620,0.0,-100.0,123.0,-100.0,0.0,9
664,1094912,273728,-100.0,0.0,292,73,73,10,82,41,181880,184.117124,0.18188,10,1.0,45450,181800,0.0,-100.0,123.0,-100.0,0.0,10
665,1096328,274082,-100.0,0.0,296,74,74,10,74,37,181880,184.299004,0.18188,10,1.0,45450,181800,0.0,-100.0,123.0,-100.0,0.0,10
666,1206872,301718,-100.0,0.0,312,78,78,11,86,43,200068,184.499072,0.200068,11,1.0,49995,199980,0.0,-100.0,123.0,-100.0,0.0,11
667,1321328,330332,-100.0,0.0,308,77,77,12,78,39,218256,184.717328,0.218256,12,1.0,54540,218160,0.0,-100.0,123.0,-100.0,0.0,12
668,1220592,305148,-100.0,0.0,296,74,74,11,74,37,200068,184.917396,0.200068,11,1.0,49995,199980,0.0,-100.0,123.0,-100.0,0.0,11
669,1358648,339662,-100.0,0.0,316,79,79,12,88,44,218256,185.135652,0.218256,12,1.0,54540,218160,0.0,-100.0,123.0,-100.0,0.0,12
670,1482656,370664,-100.0,0.0,392,98,98,13,108,54,236444,185.372096,0.236444,13,1.0,59085,236340,0.0,-100.0,123.0,-100.0,0.0,13
671,1607648,401912,-100.0,0.0,460,115,115,14,124,62,254632,185.626728,0.254632,14,1.0,63630,254520,0.0,-100.0,123.0,-100.0,0.0,14
672,1841072,460268,-100.0,0.0,592,148,148,16,172,86,291008,185.917736,0.291008,16,1.0,72720,290880,0.0,-100.0,123.0,-100.0,0.0,16
673,1724784,431196,-100.0,0.0,648,162,162,15,162,81,272820,186.190556,0.27282,15,1.0,68175,272700,0.0,-100.0,123.0,-100.0,0.0,15
674,1771544,442886,-100.0,0.0,660,165,165,15,190,95,272820,186.463376,0.27282,15,1.0,68175,272700,0.0,-100.0,123.0,-100.0,0.0,15
675,1774584,443646,-100.0,0.0,784,196,196,15,196,98,272820,186.736196,0.27282,15,1.0,68175,272700,0.0,-100.0,123.0,-100.0,0.0,15
676,1778376,444594,-100.0,0.0,752,188,188,15,188,94,272820,187.009016,0.27282,15,1.0,68175,272700,0.0,-100.0,123.0,-100.0,0.0,15
677,1684976,421244,-100.0,0.0,576,144,144,14,144,72,254632,187.263648,0.254632,14,1.0,63630,254520,0.0,-100.0,123.0,-100.0,0.0,14
678,1816992,454248,-100.0,0.0,624,156,156,15,156,78,272820,187.536468,0.27282,15,1.0,68175,272700,0.0,-100.0,123.0,-100.0,0.0,15
679,1570856,392714,-100.0,0.0,536,134,134,13,134,67,236444,187.772912,0.236444,13,1.0,59085,236340,0.0,-100.0,123.0,-100.0,0.0,13
680,1723856,430964,-100.0,0.0,536,134,134,14,134,67,254632,188.027544,0.254632,14,1.0,63630,254520,0.0,-100.0,123.0,-100.0,0.0,14
681,1858024,464506,-100.0,0.0,528,132,132,15,140,70,272820,188.300364,0.27282,15,1.0,68175,272700,0.0,-100.0,123.0,-100.0,0.0,15
682,1742032,435508,-100.0,0.0,504,126,126,14,126,63,254632,188.554996,0.254632,14,1.0,63630,254520,0.0,-100.0,123.0,-100.0,0.0,14
683,1627352,406838,-100.0,0.0,480,120,120,13,120,60,236444,188.79144,0.236444,13,1.0,59085,236340,0.0,-100.0,123.0,-100.0,0.0,13
684,1656944,414236,-100.0,0.0,508,127,127,13,134,67,236444,189.027884,0.236444,13,1.0,59085,236340,0.0,-100.0,123.0,-100.0,0.0,13
685,1584112,396028,-100.0,0.0,456,114,114,12,114,57,218256,189.24614,0.218256,12,1.0,54540,218160,0.0,-100.0,123.0,-100.0,0.0,12
686,1600792,400198,-100.0,0.0,456,114,114,12,114,57,218256,189.464396,0.218256,12,1.0,54540,218160,0.0,-100.0,123.0,-100.0,0.0,12
687,1474680,368670,-100.0,0.0,432,108,108,11,108,54,200068,189.664464,0.200068,11,1.0,49995,199980,0.0,-100.0,123.0,-100.0,0.0,11
688,1351000,337750,-100.0,0.0,360,90,90,10,90,45,181880,189.846344,0.18188,10,1.0,45450,181800,0.0,-100.0,123.0,-100.0,0.0,10
689,1225656,306414,-100.0,0.0,288,72,72,9,72,36,163692,190.010036,0.163692,9,1.0,40905,163620,0.0,-100.0,123.0,-100.0,0.0,9
690,1232936,308234,-100.0,0.0,288,72,72,9,72,36,163692,190.173728,0.163692,9,1.0,40905,163620,0.0,-100.0,123.0,-100.0,0.0,9
691,1095992,273998,-100.0,0.0,216,54,54,8,54,27,145504,190.319232,0.145504,8,1.0,36360,145440,0.0,-100.0,123.0,-100.0,0.0,8
692,1096000,274000,-100.0,0.0,196,49,49,8,56,28,145504,190.464736,0.145504,8,1.0,36360,145440,0.0,-100.0,123.0,-100.0,0.0,8
693,1096096,274024,-100.0,0.0,216,54,54,8,54,27,145504,190.61024,0.145504,8,1.0,36360,145440,0.0,-100.0,123.0,-100.0,0.0,8
694,1233624,308406,-100.0,0.0,240,60,60,9,68,34,163692,190.773932,0.163692,9,1.0,40905,163620,0.0,-100.0,123.0,-100.0,0.0,9
695,1097160,274290,-100.0,0.0,216,54,54,8,54,27,145504,190.919436,0.145504,8,1.0,36360,145440,0.0,-100.0,123.0,-100.0,0.0,8
696,1100248,275062,-100.0,0.0,224,56,56,8,56,28,145504,191.06494,0.145504,8,1.0,36360,145440,0.0,-100.0,123.0,-100.0,0.0,8
697,1100456,275114,-100.0,0.0,176,44,44,8,50,25,145504,191.210444,0.145504,8,1.0,36360,145440,0.0,-100.0,123.0,-100.0,0.0,8
698,1100992,275248,-100.0,0.0,200,50,50,8,50,25,145504,191.355948,0.145504,8,1.0,36360,145440,0.0,-100.0,123.0,-100.0,0.0,8
699,1102872,275718,-100.0,0.0,180,45,45,8,52,26,145504,191.501452,0.145504,8,1.0,36360,145440,0.0,-100.0,123.0,-100.0,0.0,8
700,965432,241358,-100.0,0.0,144,36,36,7,36,18,127316,191.628768,0.127316,7,1.0,31815,127260,0.0,-100.0,123.0,-100.0,0.0,7
701,1104264,276066,-100.0,0.0,140,35,35,8,42,21,145504,191.774272,0.145504,8,1.0,36360,145440,0.0,-100.0,123.0,-100.0,0.0,8
702,971032,242758,-100.0,0.0,168,42,42,7,42,21,127316,191.901588,0.127316,7,1.0,31815,127260,0.0,-100.0,123.0,-100.0,0.0,7
703,1250400,312600,-100.0,0.0,184,46,46,9,54,27,163692,192.06528,0.163692,9,1.0,40905,163620,0.0,-100.0,123.0,-100.0,0.0,9
704,1252488,313122,-100.0,0.0,176,44,44,9,44,22,163692,192.228972,0.163692,9,1.0,40905,163620,0.0,-100.0,123.0,-100.0,0.0,9
705,1400624,350156,-100.0,0.0,168,42,42,10,44,22,181880,192.410852,0.18188,10,1.0,45450,181800,0.0,-100.0,123.0,-100.0,0.0,10
706,1546960,386740,-100.0,0.0,204,51,51,11,58,29,200068,192.61092,0.200068,11,1.0,49995,199980,0.0,-100.0,123.0,-100.0,0.0,11
707,1558408,389602,-100.0,0.0,208,52,52,11,52,26,200068,192.810988,0.200068,11,1.0,49995,199980,0.0,-100.0,123.0,-100.0,0.0,11
708,1565304,391326,-100.0,0.0,200,50,50,11,50,25,200068,193.011056,0.200068,11,1.0,49995,199980,0.0,-100.0,123.0,-100.0,0.0,11
709,1425032,356258,-100.0,0.0,180,45,45,10,52,26,181880,193.192936,0.18188,10,1.0,45450,181800,0.0,-100.0,123.0,-100.0,0.0,10
710,1435584,358896,-100.0,0.0,216,54,54,10,54,27,181880,193.374816,0.18188,10,1.0,45450,181800,0.0,-100.0,123.0,-100.0,0.0,10
711,1436976,359244,-100.0,0.0,224,56,56,10,56,28,181880,193.556696,0.18188,10,1.0,45450,181800,0.0,-100.0,123.0,-100.0,0.0,10
712,1443416,360854,-100.0,0.0,208,52,52,10,52,26,181880,193.738576,0.18188,10,1.0,45450,181800,0.0,-100.0,123.0,-100.0,0.0,10
713,1008056,252014,-100.0,0.0,160,40,40,7,40,20,127316,193.865892,0.127316,7,1.0,31815,127260,0.0,-100.0,123.0,-100.0,0.0,7
714,1008696,252174,-100.0,0.0,144,36,36,7,36,18,127316,193.993208,0.127316,7,1.0,31815,127260,0.0,-100.0,123.0,-100.0,0.0,7
715,864816,216204,-100.0,0.0,112,28,28,6,28,14,109128,194.102336,0.109128,6,1.0,27270,109080,0.0,-100.0,123.0,-100.0,0.0,6
716,864816,216204,-100.0,0.0,104,26,26,6,26,13,109128,194.211464,0.109128,6,1.0,27270,109080,0.0,-100.0,123.0,-100.0,0.0,6
717,1008952,252238,-100.0,0.0,144,36,36,7,42,21,127316,194.33878,0.127316,7,1.0,31815,127260,0.0,-100.0,123.0,-100.0,0.0,7
718,1153760,288440,-100.0,0.0,188,47,47,8,52,26,145504,194.484284,0.145504,8,1.0,36360,145440,0.0,-100.0,123.0,-100.0,0.0,8
719,1153856,288464,-100.0,0.0,184,46,46,8,46,23,145504,194.629788,0.145504,8,1.0,36360,145440,0.0,-100.0,123.0,-100.0,0.0,8
720,1298088,324522,-100.0,0.0,152,38,38,9,42,21,163692,194.79348,0.163692,9,1.0,40905,163620,0.0,-100.0,123.0,-100.0,0.0,9
721,1153856,288464,-100.0,0.0,176,44,44,8,44,22,145504,194.938984,0.145504,8,1.0,36360,145440,0.0,-100.0,123.0,-100.0,0.0,8
722,1156440,289110,-100.0,0.0,144,36,36,8,36,18,145504,195.084488,0.145504,8,1.0,36360,145440,0.0,-100.0,123.0,-100.0,0.0,8
723,1304136,326034,-100.0,0.0,176,44,44,9,48,24,163692,195.24818,0.163692,9,1.0,40905,163620,0.0,-100.0,123.0,-100.0,0.0,9
724,1448080,362020,-100.0,0.0,240,60,60,10,64,32,181880,195.43006,0.18188,10,1.0,45450,181800,0.0,-100.0,123.0,-100.0,0.0,10
725,1601480,400370,-100.0,0.0,236,59,59,11,66,33,200068,195.630128,0.200068,11,1.0,49995,199980,0.0,-100.0,123.0,-100.0,0.0,11
726,1600368,400092,-100.0,0.0,320,80,80,11,80,40,200068,195.830196,0.200068,11,1.0,49995,199980,0.0,-100.0,123.0,-100.0,0.0,11
727,1753040,438260,-100.0,0.0,288,72,72,12,80,40,218256,196.048452,0.218256,12,1.0,54540,218160,0.0,-100.0,123.0,-100.0,0.0,12
728,1750952,437738,-100.0,0.0,344,86,86,12,94,47,218256,196.266708,0.218256,12,1.0,54540,218160,0.0,-100.0,123.0,-100.0,0.0,12
729,1783984,445996,-100.0,0.0,360,90,90,12,90,45,218256,196.484964,0.218256,12,1.0,54540,218160,0.0,-100.0,123.0,-100.0,0.0,12
730,1935792,483948,-100.0,0.0,380,95,95,13,116,58,236444,196.721408,0.236444,13,1.0,59085,236340,0.0,-100.0,123.0,-100.0,0.0,13
731,1951208,487802,-100.0,0.0,488,122,122,13,132,66,236444,196.957852,0.236444,13,1.0,59085,236340,0.0,-100.0,123.0,-100.0,0.0,13
732,2254952,563738,-100.0,0.0,648,162,162,15,188,94,272820,197.230672,0.27282,15,1.0,68175,272700,0.0,-100.0,123.0,-100.0,0.0,15
733,2405520,601380,-100.0,0.0,752,188,188,16,200,100,291008,197.52168,0.291008,16,1.0,72720,290880,0.0,-100.0,123.0,-100.0,0.0,16
734,2856536,714134,-100.0,0.0,988,247,247,19,296,148,345572,197.867252,0.345572,19,1.0,86355,345420,0.0,-100.0,123.0,-100.0,0.0,19
735,3011472,752868,-100.0,0.0,1180,295,295,20,304,152,363760,198.231012,0.36376,20,1.0,90900,363600,0.0,-100.0,123.0,-100.0,0.0,20
736,3458688,864672,-100.0,0.0,1484,371,371,23,430,215,418324,198.649336,0.418324,23,1.0,104535,418140,0.0,-100.0,123.0,-100.0,0.0,23
737,3477680,869420,-100.0,0.0,1612,403,403,23,422,211,418324,199.06766,0.418324,23,1.0,104535,418140,0.0,-100.0,123.0,-100.0,0.0,23
738,3783488,945872,-100.0,0.0,1856,464,464,25,508,254,454700,199.52236,0.4547,25,1.0,113625,454500,0.0,-100.0,123.0,-100.0,0.0,25
739,3632752,908188,-100.0,0.0,1824,456,456,24,456,228,436512,199.958872,0.436512,24,1.0,109080,436320,0.0,-100.0,123.0,-100.0,0.0,24
740,3788800,947200,-100.0,0.0,1960,490,490,25,512,256,454700,200.413572,0.4547,25,1.0,113625,454500,0.0,-100.0,123.0,-100.0,0.0,25
741,3792536,948134,-100.0,0.0,1968,492,492,25,514,257,454700,200.868272,0.4547,25,1.0,113625,454500,0.0,-100.0,123.0,-100.0,0.0,25
742,3797944,949486,-100.0,0.0,2024,506,506,25,506,253,454700,201.322972,0.4547,25,1.0,113625,454500,0.0,-100.0,123.0,-100.0,0.0,25
743,3947864,986966,-100.0,0.0,1856,464,464,26,466,233,472888,201.79586,0.472888,26,1.0,118170,472680,0.0,-100.0,123.0,-100.0,0.0,26
744,3955600,988900,-100.0,0.0,1736,434,434,26,452,226,472888,202.268748,0.472888,26,1.0,118170,472680,0.0,-100.0,123.0,-100.0,0.0,26
745,3967344,991836,-100.0,0.0,1904,476,476,26,476,238,472888,202.741636,0.472888,26,1.0,118170,472680,0.0,-100.0,123.0,-100.0,0.0,26
746,3932200,983050,-100.0,0.0,1964,491,491,25,512,256,454700,203.196336,0.4547,25,1.0,113625,454500,0.0,-100.0,123.0,-100.0,0.0,25
747,4094416,1023604,-100.0,0.0,2104,526,526,26,550,275,472888,203.669224,0.472888,26,1.0,118170,472680,0.0,-100.0,123.0,-100.0,0.0,26
748,3780688,945172,-100.0,0.0,2000,500,500,24,500,250,436512,204.105736,0.436512,24,1.0,109080,436320,0.0,-100.0,123.0,-100.0,0.0,24
749,3623168,905792,-100.0,0.0,1704,426,426,23,426,213,418324,204.52406,0.418324,23,1.0,104535,418140,0.0,-100.0,123.0,-100.0,0.0,23
750,3642560,910640,-100.0,0.0,1744,436,436,23,436,218,418324,204.942384,0.418324,23,1.0,104535,418140,0.0,-100.0,123.0,-100.0,0.0,23
751,3928984,982246,-100.0,0.0,1824,456,456,24,476,238,436512,205.378896,0.436512,24,1.0,109080,436320,0.0,-100.0,123.0,-100.0,0.0,24
752,3607120,901780,-100.0,0.0,1544,386,386,22,386,193,400136,205.779032,0.400136,22,1.0,99990,399960,0.0,-100.0,123.0,-100.0,0.0,22
753,3443208,860802,-100.0,0.0,1480,370,370,21,370,185,381948,206.16098,0.381948,21,1.0,95445,381780,0.0,-100.0,123.0,-100.0,0.0,21
754,3456736,864184,-100.0,0.0,1512,378,378,21,378,189,381948,206.542928,0.381948,21,1.0,95445,381780,0.0,-100.0,123.0,-100.0,0.0,21
755,3294208,823552,-100.0,0.0,1280,320,320,20,320,160,363760,206.906688,0.36376,20,1.0,90900,363600,0.0,-100.0,123.0,-100.0,0.0,20
756,3295520,823880,-100.0,0.0,1192,298,298,20,298,149,363760,207.270448,0.36376,20,1.0,90900,363600,0.0,-100.0,123.0,-100.0,0.0,20
757,3296120,824030,-100.0,0.0,1208,302,302,20,302,151,363760,207.634208,0.36376,20,1.0,90900,363600,0.0,-100.0,123.0,-100.0,0.0,20
758,3139928,784982,-100.0,0.0,1072,268,268,19,268,134,345572,207.97978,0.345572,19,1.0,86355,345420,0.0,-100.0,123.0,-100.0,0.0,19
759,2808944,702236,-100.0,0.0,984,246,246,17,246,123,309196,208.288976,0.309196,17,1.0,77265,309060,0.0,-100.0,123.0,-100.0,0.0,17
760,2808944,702236,-100.0,0.0,960,240,240,17,240,120,309196,208.598172,0.309196,17,1.0,77265,309060,0.0,-100.0,123.0,-100.0,0.0,17
761,2974184,743546,-100.0,0.0,956,239,239,18,242,121,327384,208.925556,0.327384,18,1.0,81810,327240,0.0,-100.0,123.0,-100.0,0.0,18
762,2643840,660960,-100.0,0.0,696,174,174,16,174,87,291008,209.216564,0.291008,16,1.0,72720,290880,0.0,-100.0,123.0,-100.0,0.0,16
763,2646192,661548,-100.0,0.0,688,172,172,16,172,86,291008,209.507572,0.291008,16,1.0,72720,290880,0.0,-100.0,123.0,-100.0,0.0,16
764,2484272,621068,-100.0,0.0,592,148,148,15,148,74,272820,209.780392,0.27282,15,1.0,68175,272700,0.0,-100.0,123.0,-100.0,0.0,15
765,2484936,621234,-100.0,0.0,600,150,150,15,150,75,272820,210.053212,0.27282,15,1.0,68175,272700,0.0,-100.0,123.0,-100.0,0.0,15
766,2484960,621240,-100.0,0.0,648,162,162,15,162,81,272820,210.326032,0.27282,15,1.0,68175,272700,0.0,-100.0,123.0,-100.0,0.0,15
767,2484960,621240,-100.0,0.0,600,150,150,15,150,75,272820,210.598852,0.27282,15,1.0,68175,272700,0.0,-100.0,123.0,-100.0,0.0,15
768,2321880,580470,-100.0,0.0,520,130,130,14,130,65,254632,210.853484,0.254632,14,1.0,63630,254520,0.0,-100.0,123.0,-100.0,0.0,14
769,2322792,580698,-100.0,0.0,504,126,126,14,126,63,254632,211.108116,0.254632,14,1.0,63630,254520,0.0,-100.0,123.0,-100.0,0.0,14
770,1991144,497786,-100.0,0.0,448,112,112,12,112,56,218256,211.326372,0.218256,12,1.0,54540,218160,0.0,-100.0,123.0,-100.0,0.0,12
771,1997568,499392,-100.0,0.0,504,126,126,12,126,63,218256,211.544628,0.218256,12,1.0,54540,218160,0.0,-100.0,123.0,-100.0,0.0,12
772,2165040,541260,-100.0,0.0,508,127,127,13,130,65,236444,211.781072,0.236444,13,1.0,59085,236340,0.0,-100.0,123.0,-100.0,0.0,13
773,2337144,584286,-100.0,0.0,508,127,127,14,140,70,254632,212.035704,0.254632,14,1.0,63630,254520,0.0,-100.0,123.0,-100.0,0.0,14
774,2337856,584464,-100.0,0.0,504,126,126,14,126,63,254632,212.290336,0.254632,14,1.0,63630,254520,0.0,-100.0,123.0,-100.0,0.0,14
775,2170600,542650,-100.0,0.0,464,116,116,13,116,58,236444,212.52678,0.236444,13,1.0,59085,236340,0.0,-100.0,123.0,-100.0,0.0,13
776,2171016,542754,-100.0,0.0,456,114,114,13,114,57,236444,212.763224,0.236444,13,1.0,59085,236340,0.0,-100.0,123.0,-100.0,0.0,13
777,2338616,584654,-100.0,0.0,436,109,109,14,112,56,254632,213.017856,0.254632,14,1.0,63630,254520,0.0,-100.0,123.0,-100.0,0.0,14
778,2338624,584656,-100.0,0.0,436,109,109,14,112,56,254632,213.272488,0.254632,14,1.0,63630,254520,0.0,-100.0,123.0,-100.0,0.0,14
779,2344896,586224,-100.0,0.0,496,124,124,14,124,62,254632,213.52712,0.254632,14,1.0,63630,254520,0.0,-100.0,123.0,-100.0,0.0,14
780,2351680,587920,-100.0,0.0,520,130,130,14,130,65,254632,213.781752,0.254632,14,1.0,63630,254520,0.0,-100.0,123.0,-100.0,0.0,14
781,2687744,671936,-100.0,0.0,720,180,180,16,200,100,291008,214.07276,0.291008,16,1.0,72720,290880,0.0,-100.0,123.0,-100.0,0.0,16
782,2687744,671936,-100.0,0.0,760,190,190,16,190,95,291008,214.363768,0.291008,16,1.0,72720,290880,0.0,-100.0,123.0,-100.0,0.0,16
783,3025072,756268,-100.0,0.0,952,238,238,18,262,131,327384,214.691152,0.327384,18,1.0,81810,327240,0.0,-100.0,123.0,-100.0,0.0,18
784,2857088,714272,-100.0,0.0,824,206,206,17,206,103,309196,215.000348,0.309196,17,1.0,77265,309060,0.0,-100.0,123.0,-100.0,0.0,17
785,2857088,714272,-100.0,0.0,848,212,212,17,212,106,309196,215.309544,0.309196,17,1.0,77265,309060,0.0,-100.0,123.0,-100.0,0.0,17
786,2857640,714410,-100.0,0.0,776,194,194,17,194,97,309196,215.61874,0.309196,17,1.0,77265,309060,0.0,-100.0,123.0,-100.0,0.0,17
787,2859664,714916,-100.0,0.0,816,204,204,17,204,102,309196,215.927936,0.309196,17,1.0,77265,309060,0.0,-100.0,123.0,-100.0,0.0,17
788,2860216,715054,-100.0,0.0,792,198,198,17,198,99,309196,216.237132,0.309196,17,1.0,77265,309060,0.0,-100.0,123.0,-100.0,0.0,17
789,2691968,672992,-100.0,0.0,672,168,168,16,168,84,291008,216.52814,0.291008,16,1.0,72720,290880,0.0,-100.0,123.0,-100.0,0.0,16
790,2691968,672992,-100.0,0.0,784,196,196,16,196,98,291008,216.819148,0.291008,16,1.0,72720,290880,0.0,-100.0,123.0,-100.0,0.0,16
791,2860400,715100,-100.0,0.0,816,204,204,17,210,105,309196,217.128344,0.309196,17,1.0,77265,309060,0.0,-100.0,123.0,-100.0,0.0,17
792,2692152,673038,-100.0,0.0,784,196,196,16,196,98,291008,217.419352,0.291008,16,1.0,72720,290880,0.0,-100.0,123.0,-100.0,0.0,16
793,2863160,715790,-100.0,0.0,816,204,204,17,210,105,309196,217.728548,0.309196,17,1.0,77265,309060,0.0,-100.0,123.0,-100.0,0.0,17
794,2694912,673728,-100.0,0.0,784,196,196,16,196,98,291008,218.019556,0.291008,16,1.0,72720,290880,0.0,-100.0,123.0,-100.0,0.0,16
795,2694912,673728,-100.0,0.0,816,204,204,16,204,102,291008,218.310564,0.291008,16,1.0,72720,290880,0.0,-100.0,123.0,-100.0,0.0,16
796,3031776,757944,-100.0,0.0,920,230,230,18,252,126,327384,218.637948,0.327384,18,1.0,81810,327240,0.0,-100.0,123.0,-100.0,0.0,18
797,3031776,757944,-100.0,0.0,1064,266,266,18,266,133,327384,218.965332,0.327384,18,1.0,81810,327240,0.0,-100.0,123.0,-100.0,0.0,18
798,3032064,758016,-100.0,0.0,1136,284,284,18,284,142,327384,219.292716,0.327384,18,1.0,81810,327240,0.0,-100.0,123.0,-100.0,0.0,18
799,3036960,759240,-100.0,0.0,1128,282,282,18,282,141,327384,219.6201,0.327384,18,1.0,81810,327240,0.0,-100.0,123.0,-100.0,0.0,18
800,3036960,759240,-100.0,0.0,1040,260,260,18,260,130,327384,219.947484,0.327384,18,1.0,81810,327240,0.0,-100.0,123.0,-100.0,0.0,18
801,3036960,759240,-100.0,0.0,1016,254,254,18,254,127,327384,220.274868,0.327384,18,1.0,81810,327240,0.0,-100.0,123.0,-100.0,0.0,18
802,3036960,759240,-100.0,0.0,1056,264,264,18,264,132,327384,220.602252,0.327384,18,1.0,81810,327240,0.0,-100.0,123.0,-100.0,0.0,18
803,3205680,801420,-100.0,0.0,1052,263,263,19,266,133,345572,220.947824,0.345572,19,1.0,86355,345420,0.0,-100.0,123.0,-100.0,0.0,19
804,3036960,759240,-100.0,0.0,960,240,240,18,240,120,327384,221.275208,0.327384,18,1.0,81810,327240,0.0,-100.0,123.0,-100.0,0.0,18
805,3036960,759240,-100.0,0.0,992,248,248,18,248,124,327384,221.602592,0.327384,18,1.0,81810,327240,0.0,-100.0,123.0,-100.0,0.0,18
806,3205712,801428,-100.0,0.0,1068,267,267,19,286,143,345572,221.948164,0.345572,19,1.0,86355,345420,0.0,-100.0,123.0,-100.0,0.0,19
807,3375136,843784,-100.0,0.0,1200,300,300,20,300,150,363760,222.311924,0.36376,20,1.0,90900,363600,0.0,-100.0,123.0,-100.0,0.0,20
808,3387200,846800,-100.0,0.0,1240,310,310,20,310,155,363760,222.675684,0.36376,20,1.0,90900,363600,0.0,-100.0,123.0,-100.0,0.0,20
809,3565384,891346,-100.0,0.0,1192,298,298,21,298,149,381948,223.057632,0.381948,21,1.0,95445,381780,0.0,-100.0,123.0,-100.0,0.0,21
810,3568280,892070,-100.0,0.0,1204,301,301,21,318,159,381948,223.43958,0.381948,21,1.0,95445,381780,0.0,-100.0,123.0,-100.0,0.0,21
811,3411872,852968,-100.0,0.0,1264,316,316,20,316,158,363760,223.80334,0.36376,20,1.0,90900,363600,0.0,-100.0,123.0,-100.0,0.0,20
812,3412640,853160,-100.0,0.0,1388,347,347,20,366,183,363760,224.1671,0.36376,20,1.0,90900,363600,0.0,-100.0,123.0,-100.0,0.0,20
813,3412640,853160,-100.0,0.0,1504,376,376,20,376,188,363760,224.53086,0.36376,20,1.0,90900,363600,0.0,-100.0,123.0,-100.0,0.0,20
814,3583272,895818,-100.0,0.0,1592,398,398,21,418,209,381948,224.912808,0.381948,21,1.0,95445,381780,0.0,-100.0,123.0,-100.0,0.0,21
815,3936800,984200,-100.0,0.0,1784,446,446,23,472,236,418324,225.331132,0.418324,23,1.0,104535,418140,0.0,-100.0,123.0,-100.0,0.0,23
816,4280400,1070100,-100.0,0.0,2000,500,500,25,526,263,454700,225.785832,0.4547,25,1.0,113625,454500,0.0,-100.0,123.0,-100.0,0.0,25
817,4622848,1155712,-100.0,0.0,2256,564,564,27,594,297,491076,226.276908,0.491076,27,1.0,122715,490860,0.0,-100.0,123.0,-100.0,0.0,27
818,4794496,1198624,-100.0,0.0,2340,585,585,28,614,307,509264,226.786172,0.509264,28,1.0,127260,509040,0.0,-100.0,123.0,-100.0,0.0,28
819,5144800,1286200,-100.0,0.0,2676,669,669,30,706,353,545640,227.331812,0.54564,30,1.0,136350,545400,0.0,-100.0,123.0,-100.0,0.0,30
820,5145584,1286396,-100.0,0.0,2872,718,718,30,718,359,545640,227.877452,0.54564,30,1.0,136350,545400,0.0,-100.0,123.0,-100.0,0.0,30
821,5171040,1292760,-100.0,0.0,2968,742,742,30,742,371,545640,228.423092,0.54564,30,1.0,136350,545400,0.0,-100.0,123.0,-100.0,0.0,30
822,5171208,1292802,-100.0,0.0,3128,782,782,30,782,391,545640,228.968732,0.54564,30,1.0,136350,545400,0.0,-100.0,123.0,-100.0,0.0,30
823,5176080,1294020,-100.0,0.0,3248,812,812,30,812,406,545640,229.514372,0.54564,30,1.0,136350,545400,0.0,-100.0,123.0,-100.0,0.0,30
824,5176080,1294020,-100.0,0.0,3336,834,834,30,834,417,545640,230.060012,0.54564,30,1.0,136350,545400,0.0,-100.0,123.0,-100.0,0.0,30
825,5522272,1380568,-100.0,0.0,3480,870,870,32,910,455,582016,230.642028,0.582016,32,1.0,145440,581760,0.0,-100.0,123.0,-100.0,0.0,32
826,5522432,1380608,-100.0,0.0,3720,930,930,32,930,465,582016,231.224044,0.582016,32,1.0,145440,581760,0.0,-100.0,123.0,-100.0,0.0,32
827,5349856,1337464,-100.0,0.0,3440,860,860,31,860,430,563828,231.787872,0.563828,31,1.0,140895,563580,0.0,-100.0,123.0,-100.0,0.0,31
828,5522688,1380672,-100.0,0.0,3580,895,895,32,924,462,582016,232.369888,0.582016,32,1.0,145440,581760,0.0,-100.0,123.0,-100.0,0.0,32
829,5695424,1423856,-100.0,0.0,3912,978,978,33,978,489,600204,232.970092,0.600204,33,1.0,149985,599940,0.0,-100.0,123.0,-100.0,0.0,33
830,5695272,1423818,-100.0,0.0,3760,940,940,33,970,485,600204,233.570296,0.600204,33,1.0,149985,599940,0.0,-100.0,123.0,-100.0,0.0,33
831,5696512,1424128,-100.0,0.0,3904,976,976,33,976,488,600204,234.1705,0.600204,33,1.0,149985,599940,0.0,-100.0,123.0,-100.0,0.0,33
832,5696592,1424148,-100.0,0.0,3672,918,918,33,948,474,600204,234.770704,0.600204,33,1.0,149985,599940,0.0,-100.0,123.0,-100.0,0.0,33
833,5870520,1467630,-100.0,0.0,3884,971,971,34,982,491,618392,235.389096,0.618392,34,1.0,154530,618120,0.0,-100.0,123.0,-100.0,0.0,34
834,6218528,1554632,-100.0,0.0,4124,1031,1031,36,1066,533,654768,236.043864,0.654768,36,1.0,163620,654480,0.0,-100.0,123.0,-100.0,0.0,36
835,6394848,1598712,-100.0,0.0,4288,1072,1072,37,1102,551,672956,236.71682,0.672956,37,1.0,168165,672660,0.0,-100.0,123.0,-100.0,0.0,37
836,6443880,1610970,-100.0,0.0,4280,1070,1070,37,1070,535,672956,237.389776,0.672956,37,1.0,168165,672660,0.0,-100.0,123.0,-100.0,0.0,37
837,5920352,1480088,-100.0,0.0,3940,985,985,34,1014,507,618392,238.008168,0.618392,34,1.0,154530,618120,0.0,-100.0,123.0,-100.0,0.0,34
838,5929512,1482378,-100.0,0.0,4096,1024,1024,34,1024,512,618392,238.62656,0.618392,34,1.0,154530,618120,0.0,-100.0,123.0,-100.0,0.0,34
839,6120024,1530006,-100.0,0.0,4232,1058,1058,35,1088,544,636580,239.26314,0.63658,35,1.0,159075,636300,0.0,-100.0,123.0,-100.0,0.0,35
840,6298272,1574568,-100.0,0.0,4572,1143,1143,36,1176,588,654768,239.917908,0.654768,36,1.0,163620,654480,0.0,-100.0,123.0,-100.0,0.0,36
841,5786424,1446606,-100.0,0.0,4192,1048,1048,33,1048,524,600204,240.518112,0.600204,33,1.0,149985,599940,0.0,-100.0,123.0,-100.0,0.0,33
842,5788632,1447158,-100.0,0.0,3896,974,974,33,974,487,600204,241.118316,0.600204,33,1.0,149985,599940,0.0,-100.0,123.0,-100.0,0.0,33
843,5613728,1403432,-100.0,0.0,3576,894,894,32,894,447,582016,241.700332,0.582016,32,1.0,145440,581760,0.0,-100.0,123.0,-100.0,0.0,32
844,5613312,1403328,-100.0,0.0,3744,936,936,32,936,468,582016,242.282348,0.582016,32,1.0,145440,581760,0.0,-100.0,123.0,-100.0,0.0,32
845,5273448,1318362,-100.0,0.0,3440,860,860,30,860,430,545640,242.827988,0.54564,30,1.0,136350,545400,0.0,-100.0,123.0,-100.0,0.0,30
846,5273816,1318454,-100.0,0.0,3392,848,848,30,848,424,545640,243.373628,0.54564,30,1.0,136350,545400,0.0,-100.0,123.0,-100.0,0.0,30
847,4748472,1187118,-100.0,0.0,2712,678,678,27,678,339,491076,243.864704,0.491076,27,1.0,122715,490860,0.0,-100.0,123.0,-100.0,0.0,27
848,4752096,1188024,-100.0,0.0,2560,640,640,27,640,320,491076,244.35578,0.491076,27,1.0,122715,490860,0.0,-100.0,123.0,-100.0,0.0,27
849,4756536,1189134,-100.0,0.0,2704,676,676,27,676,338,491076,244.846856,0.491076,27,1.0,122715,490860,0.0,-100.0,123.0,-100.0,0.0,27
850,4757984,1189496,-100.0,0.0,2656,664,664,27,664,332,491076,245.337932,0.491076,27,1.0,122715,490860,0.0,-100.0,123.0,-100.0,0.0,27
851,4756536,1189134,-100.0,0.0,2680,670,670,27,670,335,491076,245.829008,0.491076,27,1.0,122715,490860,0.0,-100.0,123.0,-100.0,0.0,27
852,4580472,1145118,-100.0,0.0,2424,606,606,26,606,303,472888,246.301896,0.472888,26,1.0,118170,472680,0.0,-100.0,123.0,-100.0,0.0,26
853,4406384,1101596,-100.0,0.0,2272,568,568,25,568,284,454700,246.756596,0.4547,25,1.0,113625,454500,0.0,-100.0,123.0,-100.0,0.0,25
854,4054256,1013564,-100.0,0.0,1904,476,476,23,476,238,418324,247.17492,0.418324,23,1.0,104535,418140,0.0,-100.0,123.0,-100.0,0.0,23
855,4054432,1013608,-100.0,0.0,1784,446,446,23,446,223,418324,247.593244,0.418324,23,1.0,104535,418140,0.0,-100.0,123.0,-100.0,0.0,23
856,3878184,969546,-100.0,0.0,1720,430,430,22,430,215,400136,247.99338,0.400136,22,1.0,99990,399960,0.0,-100.0,123.0,-100.0,0.0,22
857,3878312,969578,-100.0,0.0,1672,418,418,22,418,209,400136,248.393516,0.400136,22,1.0,99990,399960,0.0,-100.0,123.0,-100.0,0.0,22
858,3703496,925874,-100.0,0.0,1552,388,388,21,388,194,381948,248.775464,0.381948,21,1.0,95445,381780,0.0,-100.0,123.0,-100.0,0.0,21
859,3713568,928392,-100.0,0.0,1648,412,412,21,412,206,381948,249.157412,0.381948,21,1.0,95445,381780,0.0,-100.0,123.0,-100.0,0.0,21
860,3537280,884320,-100.0,0.0,1504,376,376,20,376,188,363760,249.521172,0.36376,20,1.0,90900,363600,0.0,-100.0,123.0,-100.0,0.0,20
861,3386048,846512,-100.0,0.0,1360,340,340,19,340,170,345572,249.866744,0.345572,19,1.0,86355,345420,0.0,-100.0,123.0,-100.0,0.0,19
862,3387472,846868,-100.0,0.0,1368,342,342,19,342,171,345572,250.212316,0.345572,19,1.0,86355,345420,0.0,-100.0,123.0,-100.0,0.0,19
863,3387472,846868,-100.0,0.0,1296,324,324,19,342,171,345572,250.557888,0.345572,19,1.0,86355,345420,0.0,-100.0,123.0,-100.0,0.0,19
864,3387928,846982,-100.0,0.0,1368,342,342,19,342,171,345572,250.90346,0.345572,19,1.0,86355,345420,0.0,-100.0,123.0,-100.0,0.0,19
865,3565760,891440,-100.0,0.0,1444,361,361,20,380,190,363760,251.26722,0.36376,20,1.0,90900,363600,0.0,-100.0,123.0,-100.0,0.0,20
866,3565760,891440,-100.0,0.0,1504,376,376,20,376,188,363760,251.63098,0.36376,20,1.0,90900,363600,0.0,-100.0,123.0,-100.0,0.0,20
867,3744048,936012,-100.0,0.0,1512,378,378,21,398,199,381948,252.012928,0.381948,21,1.0,95445,381780,0.0,-100.0,123.0,-100.0,0.0,21
868,3744048,936012,-100.0,0.0,1552,388,388,21,388,194,381948,252.394876,0.381948,21,1.0,95445,381780,0.0,-100.0,123.0,-100.0,0.0,21
869,3922336,980584,-100.0,0.0,1548,387,387,22,408,204,400136,252.795012,0.400136,22,1.0,99990,399960,0.0,-100.0,123.0,-100.0,0.0,22
870,3922336,980584,-100.0,0.0,1640,410,410,22,410,205,400136,253.195148,0.400136,22,1.0,99990,399960,0.0,-100.0,123.0,-100.0,0.0,22
871,3922336,980584,-100.0,0.0,1556,389,389,22,410,205,400136,253.595284,0.400136,22,1.0,99990,399960,0.0,-100.0,123.0,-100.0,0.0,22
872,4101992,1025498,-100.0,0.0,1652,413,413,23,422,211,418324,254.013608,0.418324,23,1.0,104535,418140,0.0,-100.0,123.0,-100.0,0.0,23
873,4285824,1071456,-100.0,0.0,1868,467,467,24,490,245,436512,254.45012,0.436512,24,1.0,109080,436320,0.0,-100.0,123.0,-100.0,0.0,24
874,4289896,1072474,-100.0,0.0,1936,484,484,24,484,242,436512,254.886632,0.436512,24,1.0,109080,436320,0.0,-100.0,123.0,-100.0,0.0,24
875,4468800,1117200,-100.0,0.0,1992,498,498,25,522,261,454700,255.341332,0.4547,25,1.0,113625,454500,0.0,-100.0,123.0,-100.0,0.0,25
876,4290048,1072512,-100.0,0.0,1928,482,482,24,482,241,436512,255.777844,0.436512,24,1.0,109080,436320,0.0,-100.0,123.0,-100.0,0.0,24
877,4468800,1117200,-100.0,0.0,2056,514,514,25,538,269,454700,256.232544,0.4547,25,1.0,113625,454500,0.0,-100.0,123.0,-100.0,0.0,25
878,4468800,1117200,-100.0,0.0,2032,508,508,25,508,254,454700,256.687244,0.4547,25,1.0,113625,454500,0.0,-100.0,123.0,-100.0,0.0,25
879,4826304,1206576,-100.0,0.0,2264,566,566,27,594,297,491076,257.17832,0.491076,27,1.0,122715,490860,0.0,-100.0,123.0,-100.0,0.0,27
880,4826304,1206576,-100.0,0.0,2352,588,588,27,588,294,491076,257.669396,0.491076,27,1.0,122715,490860,0.0,-100.0,123.0,-100.0,0.0,27
881,4826304,1206576,-100.0,0.0,2364,591,591,27,616,308,491076,258.160472,0.491076,27,1.0,122715,490860,0.0,-100.0,123.0,-100.0,0.0,27
882,4826344,1206586,-100.0,0.0,2336,584,584,27,584,292,491076,258.651548,0.491076,27,1.0,122715,490860,0.0,-100.0,123.0,-100.0,0.0,27
883,5005352,1251338,-100.0,0.0,2416,604,604,28,630,315,509264,259.160812,0.509264,28,1.0,127260,509040,0.0,-100.0,123.0,-100.0,0.0,28
884,5005336,1251334,-100.0,0.0,2552,638,638,28,638,319,509264,259.670076,0.509264,28,1.0,127260,509040,0.0,-100.0,123.0,-100.0,0.0,28
885,5184056,1296014,-100.0,0.0,2660,665,665,29,692,346,527452,260.197528,0.527452,29,1.0,131805,527220,0.0,-100.0,123.0,-100.0,0.0,29
886,5184352,1296088,-100.0,0.0,2792,698,698,29,698,349,527452,260.72498,0.527452,29,1.0,131805,527220,0.0,-100.0,123.0,-100.0,0.0,29
887,5184184,1296046,-100.0,0.0,2756,689,689,29,716,358,527452,261.252432,0.527452,29,1.0,131805,527220,0.0,-100.0,123.0,-100.0,0.0,29
888,5005664,1251416,-100.0,0.0,2760,690,690,28,690,345,509264,261.761696,0.509264,28,1.0,127260,509040,0.0,-100.0,123.0,-100.0,0.0,28
889,5005736,1251434,-100.0,0.0,2720,680,680,28,680,340,509264,262.27096,0.509264,28,1.0,127260,509040,0.0,-100.0,123.0,-100.0,0.0,28
890,5006976,1251744,-100.0,0.0,2568,642,642,28,642,321,509264,262.780224,0.509264,28,1.0,127260,509040,0.0,-100.0,123.0,-100.0,0.0,28
891,4828480,1207120,-100.0,0.0,2472,618,618,27,618,309,491076,263.2713,0.491076,27,1.0,122715,490860,0.0,-100.0,123.0,-100.0,0.0,27
892,4828464,1207116,-100.0,0.0,2424,606,606,27,630,315,491076,263.762376,0.491076,27,1.0,122715,490860,0.0,-100.0,123.0,-100.0,0.0,27
893,4828496,1207124,-100.0,0.0,2584,646,646,27,646,323,491076,264.253452,0.491076,27,1.0,122715,490860,0.0,-100.0,123.0,-100.0,0.0,27
894,5007296,1251824,-100.0,0.0,2696,674,674,28,700,350,509264,264.762716,0.509264,28,1.0,127260,509040,0.0,-100.0,123.0,-100.0,0.0,28
895,5200400,1300100,-100.0,0.0,2856,714,714,29,740,370,527452,265.290168,0.527452,29,1.0,131805,527220,0.0,-100.0,123.0,-100.0,0.0,29
896,5563632,1390908,-100.0,0.0,3348,837,837,31,896,448,563828,265.853996,0.563828,31,1.0,140895,563580,0.0,-100.0,123.0,-100.0,0.0,31
897,5743104,1435776,-100.0,0.0,3760,940,940,32,970,485,582016,266.436012,0.582016,32,1.0,145440,581760,0.0,-100.0,123.0,-100.0,0.0,32
898,5922576,1480644,-100.0,0.0,4032,1008,1008,33,1040,520,600204,267.036216,0.600204,33,1.0,149985,599940,0.0,-100.0,123.0,-100.0,0.0,33
899,6281520,1570380,-100.0,0.0,4392,1098,1098,35,1164,582,636580,267.672796,0.63658,35,1.0,159075,636300,0.0,-100.0,123.0,-100.0,0.0,35
900,6281520,1570380,-100.0,0.0,4464,1116,1116,35,1116,558,636580,268.309376,0.63658,35,1.0,159075,636300,0.0,-100.0,123.0,-100.0,0.0,35
901,6640464,1660116,-100.0,0.0,4616,1154,1154,37,1222,611,672956,268.982332,0.672956,37,1.0,168165,672660,0.0,-100.0,123.0,-100.0,0.0,37
902,6460992,1615248,-100.0,0.0,4816,1204,1204,36,1204,602,654768,269.6371,0.654768,36,1.0,163620,654480,0.0,-100.0,123.0,-100.0,0.0,36
903,6819936,1704984,-100.0,0.0,5212,1303,1303,38,1376,688,691144,270.328244,0.691144,38,1.0,172710,690840,0.0,-100.0,123.0,-100.0,0.0,38
904,6999408,1749852,-100.0,0.0,5592,1398,1398,39,1436,718,709332,271.037576,0.709332,39,1.0,177255,709020,0.0,-100.0,123.0,-100.0,0.0,39
905,7358352,1839588,-100.0,0.0,5824,1456,1456,41,1494,747,745708,271.783284,0.745708,41,1.0,186345,745380,0.0,-100.0,123.0,-100.0,0.0,41
906,7004896,1751224,-100.0,0.0,5472,1368,1368,39,1368,684,709332,272.492616,0.709332,39,1.0,177255,709020,0.0,-100.0,123.0,-100.0,0.0,39
907,7371832,1842958,-100.0,0.0,5736,1434,1434,41,1510,755,745708,273.238324,0.745708,41,1.0,186345,745380,0.0,-100.0,123.0,-100.0,0.0,41
908,7373768,1843442,-100.0,0.0,6192,1548,1548,41,1548,774,745708,273.984032,0.745708,41,1.0,186345,745380,0.0,-100.0,123.0,-100.0,0.0,41
909,7373768,1843442,-100.0,0.0,6200,1550,1550,41,1550,775,745708,274.72974,0.745708,41,1.0,186345,745380,0.0,-100.0,123.0,-100.0,0.0,41
910,7373768,1843442,-100.0,0.0,5960,1490,1490,41,1504,752,745708,275.475448,0.745708,41,1.0,186345,745380,0.0,-100.0,123.0,-100.0,0.0,41
911,7194064,1798516,-100.0,0.0,5760,1440,1440,40,1440,720,727520,276.202968,0.72752,40,1.0,181800,727200,0.0,-100.0,123.0,-100.0,0.0,40
912,7374056,1843514,-100.0,0.0,5368,1342,1342,41,1374,687,745708,276.948676,0.745708,41,1.0,186345,745380,0.0,-100.0,123.0,-100.0,0.0,41
913,7374224,1843556,-100.0,0.0,5580,1395,1395,41,1430,715,745708,277.694384,0.745708,41,1.0,186345,745380,0.0,-100.0,123.0,-100.0,0.0,41
914,7373768,1843442,-100.0,0.0,5616,1404,1404,41,1404,702,745708,278.440092,0.745708,41,1.0,186345,745380,0.0,-100.0,123.0,-100.0,0.0,41
915,7193920,1798480,-100.0,0.0,5172,1293,1293,40,1312,656,727520,279.167612,0.72752,40,1.0,181800,727200,0.0,-100.0,123.0,-100.0,0.0,40
916,7193920,1798480,-100.0,0.0,5600,1400,1400,40,1400,700,727520,279.895132,0.72752,40,1.0,181800,727200,0.0,-100.0,123.0,-100.0,0.0,40
917,7373768,1843442,-100.0,0.0,5712,1428,1428,41,1428,714,745708,280.64084,0.745708,41,1.0,186345,745380,0.0,-100.0,123.0,-100.0,0.0,41
918,7373784,1843446,-100.0,0.0,5920,1480,1480,41,1480,740,745708,281.386548,0.745708,41,1.0,186345,745380,0.0,-100.0,123.0,-100.0,0.0,41
919,7014152,1753538,-100.0,0.0,5328,1332,1332,39,1332,666,709332,282.09588,0.709332,39,1.0,177255,709020,0.0,-100.0,123.0,-100.0,0.0,39
920,6834832,1708708,-100.0,0.0,5192,1298,1298,38,1298,649,691144,282.787024,0.691144,38,1.0,172710,690840,0.0,-100.0,123.0,-100.0,0.0,38
921,6912744,1728186,-100.0,0.0,5136,1284,1284,38,1284,642,691144,283.478168,0.691144,38,1.0,172710,690840,0.0,-100.0,123.0,-100.0,0.0,38
922,6371120,1592780,-100.0,0.0,4440,1110,1110,35,1110,555,636580,284.114748,0.63658,35,1.0,159075,636300,0.0,-100.0,123.0,-100.0,0.0,35
923,6191808,1547952,-100.0,0.0,4200,1050,1050,34,1050,525,618392,284.73314,0.618392,34,1.0,154530,618120,0.0,-100.0,123.0,-100.0,0.0,34
924,6008816,1502204,-100.0,0.0,3816,954,954,33,954,477,600204,285.333344,0.600204,33,1.0,149985,599940,0.0,-100.0,123.0,-100.0,0.0,33
925,5841104,1460276,-100.0,0.0,3440,860,860,32,860,430,582016,285.91536,0.582016,32,1.0,145440,581760,0.0,-100.0,123.0,-100.0,0.0,32
926,5673696,1418424,-100.0,0.0,3232,808,808,31,808,404,563828,286.479188,0.563828,31,1.0,140895,563580,0.0,-100.0,123.0,-100.0,0.0,31
927,5505240,1376310,-100.0,0.0,2812,703,703,30,704,352,545640,287.024828,0.54564,30,1.0,136350,545400,0.0,-100.0,123.0,-100.0,0.0,30
928,5348472,1337118,-100.0,0.0,2432,608,608,29,608,304,527452,287.55228,0.527452,29,1.0,131805,527220,0.0,-100.0,123.0,-100.0,0.0,29
929,4983352,1245838,-100.0,0.0,2168,542,542,27,542,271,491076,288.043356,0.491076,27,1.0,122715,490860,0.0,-100.0,123.0,-100.0,0.0,27
930,4624656,1156164,-100.0,0.0,1776,444,444,25,444,222,454700,288.498056,0.4547,25,1.0,113625,454500,0.0,-100.0,123.0,-100.0,0.0,25
931,4628712,1157178,-100.0,0.0,1792,448,448,25,448,224,454700,288.952756,0.4547,25,1.0,113625,454500,0.0,-100.0,123.0,-100.0,0.0,25
932,4256912,1064228,-100.0,0.0,1552,388,388,23,388,194,418324,289.37108,0.418324,23,1.0,104535,418140,0.0,-100.0,123.0,-100.0,0.0,23
933,4261776,1065444,-100.0,0.0,1600,400,400,23,400,200,418324,289.789404,0.418324,23,1.0,104535,418140,0.0,-100.0,123.0,-100.0,0.0,23
934,3893456,973364,-100.0,0.0,1304,326,326,21,326,163,381948,290.171352,0.381948,21,1.0,95445,381780,0.0,-100.0,123.0,-100.0,0.0,21
935,3528520,882130,-100.0,0.0,1224,306,306,19,306,153,345572,290.516924,0.345572,19,1.0,86355,345420,0.0,-100.0,123.0,-100.0,0.0,19
936,3349232,837308,-100.0,0.0,1120,280,280,18,280,140,327384,290.844308,0.327384,18,1.0,81810,327240,0.0,-100.0,123.0,-100.0,0.0,18
937,3164176,791044,-100.0,0.0,1088,272,272,17,272,136,309196,291.153504,0.309196,17,1.0,77265,309060,0.0,-100.0,123.0,-100.0,0.0,17
938,3171584,792896,-100.0,0.0,1088,272,272,17,272,136,309196,291.4627,0.309196,17,1.0,77265,309060,0.0,-100.0,123.0,-100.0,0.0,17
939,3171912,792978,-100.0,0.0,1088,272,272,17,272,136,309196,291.771896,0.309196,17,1.0,77265,309060,0.0,-100.0,123.0,-100.0,0.0,17
940,3197768,799442,-100.0,0.0,1088,272,272,17,272,136,309196,292.081092,0.309196,17,1.0,77265,309060,0.0,-100.0,123.0,-100.0,0.0,17
941,3197832,799458,-100.0,0.0,1088,272,272,17,272,136,309196,292.390288,0.309196,17,1.0,77265,309060,0.0,-100.0,123.0,-100.0,0.0,17
942,3198856,799714,-100.0,0.0,1056,264,264,17,264,132,309196,292.699484,0.309196,17,1.0,77265,309060,0.0,-100.0,123.0,-100.0,0.0,17
943,3011848,752962,-100.0,0.0,880,220,220,16,220,110,291008,292.990492,0.291008,16,1.0,72720,290880,0.0,-100.0,123.0,-100.0,0.0,16
944,3012296,753074,-100.0,0.0,808,202,202,16,202,101,291008,293.2815,0.291008,16,1.0,72720,290880,0.0,-100.0,123.0,-100.0,0.0,16
945,3202312,800578,-100.0,0.0,896,224,224,17,238,119,309196,293.590696,0.309196,17,1.0,77265,309060,0.0,-100.0,123.0,-100.0,0.0,17
946,3203864,800966,-100.0,0.0,920,230,230,17,230,115,309196,293.899892,0.309196,17,1.0,77265,309060,0.0,-100.0,123.0,-100.0,0.0,17
947,3393856,848464,-100.0,0.0,988,247,247,18,262,131,327384,294.227276,0.327384,18,1.0,81810,327240,0.0,-100.0,123.0,-100.0,0.0,18
948,3204696,801174,-100.0,0.0,824,206,206,17,206,103,309196,294.536472,0.309196,17,1.0,77265,309060,0.0,-100.0,123.0,-100.0,0.0,17
949,3391400,847850,-100.0,0.0,896,224,224,18,240,120,327384,294.863856,0.327384,18,1.0,81810,327240,0.0,-100.0,123.0,-100.0,0.0,18
950,3208200,802050,-100.0,0.0,872,218,218,17,218,109,309196,295.173052,0.309196,17,1.0,77265,309060,0.0,-100.0,123.0,-100.0,0.0,17
951,3032704,758176,-100.0,0.0,764,191,191,16,206,103,291008,295.46406,0.291008,16,1.0,72720,290880,0.0,-100.0,123.0,-100.0,0.0,16
952,2843160,710790,-100.0,0.0,712,178,178,15,178,89,272820,295.73688,0.27282,15,1.0,68175,272700,0.0,-100.0,123.0,-100.0,0.0,15
953,2848088,712022,-100.0,0.0,656,164,164,15,178,89,272820,296.0097,0.27282,15,1.0,68175,272700,0.0,-100.0,123.0,-100.0,0.0,15
954,3037592,759398,-100.0,0.0,692,173,173,16,174,87,291008,296.300708,0.291008,16,1.0,72720,290880,0.0,-100.0,123.0,-100.0,0.0,16
955,3046128,761532,-100.0,0.0,724,181,181,16,196,98,291008,296.591716,0.291008,16,1.0,72720,290880,0.0,-100.0,123.0,-100.0,0.0,16
956,2863280,715820,-100.0,0.0,664,166,166,15,166,83,272820,296.864536,0.27282,15,1.0,68175,272700,0.0,-100.0,123.0,-100.0,0.0,15
957,3053520,763380,-100.0,0.0,740,185,185,16,200,100,291008,297.155544,0.291008,16,1.0,72720,290880,0.0,-100.0,123.0,-100.0,0.0,16
958,3069136,767284,-100.0,0.0,816,204,204,16,204,102,291008,297.446552,0.291008,16,1.0,72720,290880,0.0,-100.0,123.0,-100.0,0.0,16
959,3069824,767456,-100.0,0.0,756,189,189,16,204,102,291008,297.73756,0.291008,16,1.0,72720,290880,0.0,-100.0,123.0,-100.0,0.0,16
960,3261688,815422,-100.0,0.0,832,208,208,17,208,104,309196,298.046756,0.309196,17,1.0,77265,309060,0.0,-100.0,123.0,-100.0,0.0,17
961,3454096,863524,-100.0,0.0,892,223,223,18,240,120,327384,298.37414,0.327384,18,1.0,81810,327240,0.0,-100.0,123.0,-100.0,0.0,18
962,3649168,912292,-100.0,0.0,960,240,240,19,240,120,345572,298.719712,0.345572,19,1.0,86355,345420,0.0,-100.0,123.0,-100.0,0.0,19
963,3850080,962520,-100.0,0.0,1116,279,279,20,296,148,363760,299.083472,0.36376,20,1.0,90900,363600,0.0,-100.0,123.0,-100.0,0.0,20
964,3851784,962946,-100.0,0.0,1048,262,262,20,262,131,363760,299.447232,0.36376,20,1.0,90900,363600,0.0,-100.0,123.0,-100.0,0.0,20
965,4048936,1012234,-100.0,0.0,1084,271,271,21,288,144,381948,299.82918,0.381948,21,1.0,95445,381780,0.0,-100.0,123.0,-100.0,0.0,21
966,4041696,1010424,-100.0,0.0,1240,310,310,21,310,155,381948,300.211128,0.381948,21,1.0,95445,381780,0.0,-100.0,123.0,-100.0,0.0,21
967,4057936,1014484,-100.0,0.0,1316,329,329,21,348,174,381948,300.593076,0.381948,21,1.0,95445,381780,0.0,-100.0,123.0,-100.0,0.0,21
968,4075736,1018934,-100.0,0.0,1408,352,352,21,352,176,381948,300.975024,0.381948,21,1.0,95445,381780,0.0,-100.0,123.0,-100.0,0.0,21
969,4271928,1067982,-100.0,0.0,1476,369,369,22,388,194,400136,301.37516,0.400136,22,1.0,99990,399960,0.0,-100.0,123.0,-100.0,0.0,22
970,4295632,1073908,-100.0,0.0,1416,354,354,22,354,177,400136,301.775296,0.400136,22,1.0,99990,399960,0.0,-100.0,123.0,-100.0,0.0,22
971,4087976,1021994,-100.0,0.0,1368,342,342,21,342,171,381948,302.157244,0.381948,21,1.0,95445,381780,0.0,-100.0,123.0,-100.0,0.0,21
972,4223528,1055882,-100.0,0.0,1328,332,332,21,332,166,381948,302.539192,0.381948,21,1.0,95445,381780,0.0,-100.0,123.0,-100.0,0.0,21
973,4417936,1104484,-100.0,0.0,1352,338,338,22,338,169,400136,302.939328,0.400136,22,1.0,99990,399960,0.0,-100.0,123.0,-100.0,0.0,22
974,4449176,1112294,-100.0,0.0,1328,332,332,22,332,166,400136,303.339464,0.400136,22,1.0,99990,399960,0.0,-100.0,123.0,-100.0,0.0,22
975,4687840,1171960,-100.0,0.0,1512,378,378,23,398,199,418324,303.757788,0.418324,23,1.0,104535,418140,0.0,-100.0,123.0,-100.0,0.0,23
976,4698336,1174584,-100.0,0.0,1704,426,426,23,426,213,418324,304.176112,0.418324,23,1.0,104535,418140,0.0,-100.0,123.0,-100.0,0.0,23
977,4906808,1226702,-100.0,0.0,1792,448,448,24,470,235,436512,304.612624,0.436512,24,1.0,109080,436320,0.0,-100.0,123.0,-100.0,0.0,24
978,4906944,1226736,-100.0,0.0,2072,518,518,24,540,270,436512,305.049136,0.436512,24,1.0,109080,436320,0.0,-100.0,123.0,-100.0,0.0,24
979,4906968,1226742,-100.0,0.0,2160,540,540,24,540,270,436512,305.485648,0.436512,24,1.0,109080,436320,0.0,-100.0,123.0,-100.0,0.0,24
980,4906992,1226748,-100.0,0.0,2096,524,524,24,524,262,436512,305.92216,0.436512,24,1.0,109080,436320,0.0,-100.0,123.0,-100.0,0.0,24
981,5112000,1278000,-100.0,0.0,2168,542,542,25,564,282,454700,306.37686,0.4547,25,1.0,113625,454500,0.0,-100.0,123.0,-100.0,0.0,25
982,5564048,1391012,-100.0,0.0,2432,608,608,27,656,328,491076,306.867936,0.491076,27,1.0,122715,490860,0.0,-100.0,123.0,-100.0,0.0,27
983,5784128,1446032,-100.0,0.0,2736,684,684,28,710,355,509264,307.3772,0.509264,28,1.0,127260,509040,0.0,-100.0,123.0,-100.0,0.0,28
984,5825368,1456342,-100.0,0.0,2760,690,690,28,690,345,509264,307.886464,0.509264,28,1.0,127260,509040,0.0,-100.0,123.0,-100.0,0.0,28
985,6044880,1511220,-100.0,0.0,2796,699,699,29,724,362,527452,308.413916,0.527452,29,1.0,131805,527220,0.0,-100.0,123.0,-100.0,0.0,29
986,5835584,1458896,-100.0,0.0,2744,686,686,28,686,343,509264,308.92318,0.509264,28,1.0,127260,509040,0.0,-100.0,123.0,-100.0,0.0,28
987,5851320,1462830,-100.0,0.0,2672,668,668,28,668,334,509264,309.432444,0.509264,28,1.0,127260,509040,0.0,-100.0,123.0,-100.0,0.0,28
988,6079968,1519992,-100.0,0.0,2816,704,704,29,728,364,527452,309.959896,0.527452,29,1.0,131805,527220,0.0,-100.0,123.0,-100.0,0.0,29
989,6289632,1572408,-100.0,0.0,3104,776,776,30,804,402,545640,310.505536,0.54564,30,1.0,136350,545400,0.0,-100.0,123.0,-100.0,0.0,30
990,6295112,1573778,-100.0,0.0,3184,796,796,30,796,398,545640,311.051176,0.54564,30,1.0,136350,545400,0.0,-100.0,123.0,-100.0,0.0,30
991,5879064,1469766,-100.0,0.0,2688,672,672,28,672,336,509264,311.56044,0.509264,28,1.0,127260,509040,0.0,-100.0,123.0,-100.0,0.0,28
992,6094960,1523740,-100.0,0.0,2832,708,708,29,732,366,527452,312.087892,0.527452,29,1.0,131805,527220,0.0,-100.0,123.0,-100.0,0.0,29
993,5887536,1471884,-100.0,0.0,2648,662,662,28,662,331,509264,312.597156,0.509264,28,1.0,127260,509040,0.0,-100.0,123.0,-100.0,0.0,28
994,6097768,1524442,-100.0,0.0,2744,686,686,29,712,356,527452,313.124608,0.527452,29,1.0,131805,527220,0.0,-100.0,123.0,-100.0,0.0,29
995,5925808,1481452,-100.0,0.0,2544,636,636,28,636,318,509264,313.633872,0.509264,28,1.0,127260,509040,0.0,-100.0,123.0,-100.0,0.0,28
996,5686208,1421552,-100.0,0.0,2440,610,610,27,610,305,491076,314.124948,0.491076,27,1.0,122715,490860,0.0,-100.0,123.0,-100.0,0.0,27
997,5936032,1484008,-100.0,0.0,2536,634,634,28,658,329,509264,314.634212,0.509264,28,1.0,127260,509040,0.0,-100.0,123.0,-100.0,0.0,28
998,6152392,1538098,-100.0,0.0,2584,646,646,29,670,335,527452,315.161664,0.527452,29,1.0,131805,527220,0.0,-100.0,123.0,-100.0,0.0,29
999,5940928,1485232,-100.0,0.0,2460,615,615,28,638,319,509264,315.670928,0.509264,28,1.0,127260,509040,0.0,-100.0,123.0,-100.0,0.0,28
1000,5943296,1485824,-100.0,0.0,2260,565,565,28,588,294,509264,316.180192,0.509264,28,1.0,127260,509040,0.0,-100.0,123.0,-100.0,0.0,28
1001,5728792,1432198,-100.0,0.0,2036,509,509,27,528,264,491076,316.671268,0.491076,27,1.0,122715,490860,0.0,-100.0,123.0,-100.0,0.0,27
1002,5736224,1434056,-100.0,0.0,1976,494,494,27,536,268,491076,317.162344,0.491076,27,1.0,122715,490860,0.0,-100.0,123.0,-100.0,0.0,27
1003,5526224,1381556,-100.0,0.0,2088,522,522,26,522,261,472888,317.635232,0.472888,26,1.0,118170,472680,0.0,-100.0,123.0,-100.0,0.0,26
1004,4890352,1222588,-100.0,0.0,1800,450,450,23,450,225,418324,318.053556,0.418324,23,1.0,104535,418140,0.0,-100.0,123.0,-100.0,0.0,23
1005,4679624,1169906,-100.0,0.0,1672,418,418,22,418,209,400136,318.453692,0.400136,22,1.0,99990,399960,0.0,-100.0,123.0,-100.0,0.0,22
1006,4276736,1069184,-100.0,0.0,1352,338,338,20,338,169,363760,318.817452,0.36376,20,1.0,90900,363600,0.0,-100.0,123.0,-100.0,0.0,20
1007,4492992,1123248,-100.0,0.0,1396,349,349,21,356,178,381948,319.1994,0.381948,21,1.0,95445,381780,0.0,-100.0,123.0,-100.0,0.0,21
1008,4493376,1123344,-100.0,0.0,1384,346,346,21,346,173,381948,319.581348,0.381948,21,1.0,95445,381780,0.0,-100.0,123.0,-100.0,0.0,21
1009,4493056,1123264,-100.0,0.0,1304,326,326,21,334,167,381948,319.963296,0.381948,21,1.0,95445,381780,0.0,-100.0,123.0,-100.0,0.0,21
1010,4281280,1070320,-100.0,0.0,1184,296,296,20,296,148,363760,320.327056,0.36376,20,1.0,90900,363600,0.0,-100.0,123.0,-100.0,0.0,20
1011,4281664,1070416,-100.0,0.0,1296,324,324,20,324,162,363760,320.690816,0.36376,20,1.0,90900,363600,0.0,-100.0,123.0,-100.0,0.0,20
1012,3853504,963376,-100.0,0.0,1104,276,276,18,276,138,327384,321.0182,0.327384,18,1.0,81810,327240,0.0,-100.0,123.0,-100.0,0.0,18
1013,4068680,1017170,-100.0,0.0,1140,285,285,19,292,146,345572,321.363772,0.345572,19,1.0,86355,345420,0.0,-100.0,123.0,-100.0,0.0,19
1014,3854624,963656,-100.0,0.0,1120,280,280,18,280,140,327384,321.691156,0.327384,18,1.0,81810,327240,0.0,-100.0,123.0,-100.0,0.0,18
1015,3640448,910112,-100.0,0.0,928,232,232,17,232,116,309196,322.000352,0.309196,17,1.0,77265,309060,0.0,-100.0,123.0,-100.0,0.0,17
1016,3854592,963648,-100.0,0.0,920,230,230,18,238,119,327384,322.327736,0.327384,18,1.0,81810,327240,0.0,-100.0,123.0,-100.0,0.0,18
1017,3854672,963668,-100.0,0.0,956,239,239,18,248,124,327384,322.65512,0.327384,18,1.0,81810,327240,0.0,-100.0,123.0,-100.0,0.0,18
1018,3855232,963808,-100.0,0.0,984,246,246,18,246,123,327384,322.982504,0.327384,18,1.0,81810,327240,0.0,-100.0,123.0,-100.0,0.0,18
1019,3855232,963808,-100.0,0.0,972,243,243,18,254,127,327384,323.309888,0.327384,18,1.0,81810,327240,0.0,-100.0,123.0,-100.0,0.0,18
1020,3854736,963684,-100.0,0.0,1008,252,252,18,252,126,327384,323.637272,0.327384,18,1.0,81810,327240,0.0,-100.0,123.0,-100.0,0.0,18
1021,3854736,963684,-100.0,0.0,972,243,243,18,254,127,327384,323.964656,0.327384,18,1.0,81810,327240,0.0,-100.0,123.0,-100.0,0.0,18
1022,3854736,963684,-100.0,0.0,1088,272,272,18,272,136,327384,324.29204,0.327384,18,1.0,81810,327240,0.0,-100.0,123.0,-100.0,0.0,18
1023,3854736,963684,-100.0,0.0,1036,259,259,18,270,135,327384,324.619424,0.327384,18,1.0,81810,327240,0.0,-100.0,123.0,-100.0,0.0,18
1024,3861680,965420,-100.0,0.0,1000,250,250,18,250,125,327384,324.946808,0.327384,18,1.0,81810,327240,0.0,-100.0,123.0,-100.0,0.0,18
1025,3435088,858772,-100.0,0.0,840,210,210,16,210,105,291008,325.237816,0.291008,16,1.0,72720,290880,0.0,-100.0,123.0,-100.0,0.0,16
1026,3864840,966210,-100.0,0.0,868,217,217,18,246,123,327384,325.5652,0.327384,18,1.0,81810,327240,0.0,-100.0,123.0,-100.0,0.0,18
1027,4080312,1020078,-100.0,0.0,992,248,248,19,248,124,345572,325.910772,0.345572,19,1.0,86355,345420,0.0,-100.0,123.0,-100.0,0.0,19
1028,3650240,912560,-100.0,0.0,872,218,218,17,218,109,309196,326.219968,0.309196,17,1.0,77265,309060,0.0,-100.0,123.0,-100.0,0.0,17
1029,3651920,912980,-100.0,0.0,848,212,212,17,212,106,309196,326.529164,0.309196,17,1.0,77265,309060,0.0,-100.0,123.0,-100.0,0.0,17
1030,3651920,912980,-100.0,0.0,832,208,208,17,208,104,309196,326.83836,0.309196,17,1.0,77265,309060,0.0,-100.0,123.0,-100.0,0.0,17
1031,3438880,859720,-100.0,0.0,752,188,188,16,202,101,291008,327.129368,0.291008,16,1.0,72720,290880,0.0,-100.0,123.0,-100.0,0.0,16
1032,3451120,862780,-100.0,0.0,792,198,198,16,198,99,291008,327.420376,0.291008,16,1.0,72720,290880,0.0,-100.0,123.0,-100.0,0.0,16
1033,3019856,754964,-100.0,0.0,648,162,162,14,162,81,254632,327.675008,0.254632,14,1.0,63630,254520,0.0,-100.0,123.0,-100.0,0.0,14
1034,3235560,808890,-100.0,0.0,620,155,155,15,168,84,272820,327.947828,0.27282,15,1.0,68175,272700,0.0,-100.0,123.0,-100.0,0.0,15
1035,3021224,755306,-100.0,0.0,616,154,154,14,154,77,254632,328.20246,0.254632,14,1.0,63630,254520,0.0,-100.0,123.0,-100.0,0.0,14
1036,2373696,593424,-100.0,0.0,368,92,92,11,92,46,200068,328.402528,0.200068,11,1.0,49995,199980,0.0,-100.0,123.0,-100.0,0.0,11
1037,2383672,595918,-100.0,0.0,376,94,94,11,94,47,200068,328.602596,0.200068,11,1.0,49995,199980,0.0,-100.0,123.0,-100.0,0.0,11
1038,2385768,596442,-100.0,0.0,384,96,96,11,96,48,200068,328.802664,0.200068,11,1.0,49995,199980,0.0,-100.0,123.0,-100.0,0.0,11
1039,2168880,542220,-100.0,0.0,336,84,84,10,84,42,181880,328.984544,0.18188,10,1.0,45450,181800,0.0,-100.0,123.0,-100.0,0.0,10
1040,2168880,542220,-100.0,0.0,264,66,66,10,66,33,181880,329.166424,0.18188,10,1.0,45450,181800,0.0,-100.0,123.0,-100.0,0.0,10
1041,1951992,487998,-100.0,0.0,192,48,48,9,48,24,163692,329.330116,0.163692,9,1.0,40905,163620,0.0,-100.0,123.0,-100.0,0.0,9
1042,1735328,433832,-100.0,0.0,168,42,42,8,42,21,145504,329.47562,0.145504,8,1.0,36360,145440,0.0,-100.0,123.0,-100.0,0.0,8
1043,1735360,433840,-100.0,0.0,160,40,40,8,40,20,145504,329.621124,0.145504,8,1.0,36360,145440,0.0,-100.0,123.0,-100.0,0.0,8
1044,1735528,433882,-100.0,0.0,168,42,42,8,42,21,145504,329.766628,0.145504,8,1.0,36360,145440,0.0,-100.0,123.0,-100.0,0.0,8
1045,1735808,433952,-100.0,0.0,160,40,40,8,40,20,145504,329.912132,0.145504,8,1.0,36360,145440,0.0,-100.0,123.0,-100.0,0.0,8
1046,1518992,379748,-100.0,0.0,88,22,22,7,22,11,127316,330.039448,0.127316,7,1.0,31815,127260,0.0,-100.0,123.0,-100.0,0.0,7
1047,1302048,325512,-100.0,0.0,48,12,12,6,12,6,109128,330.148576,0.109128,6,1.0,27270,109080,0.0,-100.0,123.0,-100.0,0.0,6
1048,1302048,325512,-100.0,0.0,56,14,14,6,14,7,109128,330.257704,0.109128,6,1.0,27270,109080,0.0,-100.0,123.0,-100.0,0.0,6
1049,1302048,325512,-100.0,0.0,64,16,16,6,16,8,109128,330.366832,0.109128,6,1.0,27270,109080,0.0,-100.0,123.0,-100.0,0.0,6
1050,1085056,271264,-100.0,0.0,40,10,10,5,10,5,90940,330.457772,0.09094,5,1.0,22725,90900,0.0,-100.0,123.0,-100.0,0.0,5
1051,1085104,271276,-100.0,0.0,48,12,12,5,12,6,90940,330.548712,0.09094,5,1.0,22725,90900,0.0,-100.0,123.0,-100.0,0.0,5
1052,868160,217040,-100.0,0.0,40,10,10,4,10,5,72752,330.621464,0.072752,4,1.0,18180,72720,0.0,-100.0,123.0,-100.0,0.0,4
1053,868232,217058,-100.0,0.0,28,7,7,4,8,4,72752,330.694216,0.072752,4,1.0,18180,72720,0.0,-100.0,123.0,-100.0,0.0,4
1054,1085320,271330,-100.0,0.0,56,14,14,5,14,7,90940,330.785156,0.09094,5,1.0,22725,90900,0.0,-100.0,123.0,-100.0,0.0,5
1055,868672,217168,-100.0,0.0,40,10,10,4,10,5,72752,330.857908,0.072752,4,1.0,18180,72720,0.0,-100.0,123.0,-100.0,0.0,4
1056,869600,217400,-100.0,0.0,20,5,5,4,6,3,72752,330.93066,0.072752,4,1.0,18180,72720,0.0,-100.0,123.0,-100.0,0.0,4
1057,1087256,271814,-100.0,0.0,28,7,7,5,10,5,90940,331.0216,0.09094,5,1.0,22725,90900,0.0,-100.0,123.0,-100.0,0.0,5
1058,1305320,326330,-100.0,0.0,52,13,13,6,16,8,109128,331.130728,0.109128,6,1.0,27270,109080,0.0,-100.0,123.0,-100.0,0.0,6
1059,1087872,271968,-100.0,0.0,48,12,12,5,12,6,90940,331.221668,0.09094,5,1.0,22725,90900,0.0,-100.0,123.0,-100.0,0.0,5
1060,1523256,380814,-100.0,0.0,76,19,19,7,28,14,127316,331.348984,0.127316,7,1.0,31815,127260,0.0,-100.0,123.0,-100.0,0.0,7
1061,1741312,435328,-100.0,0.0,128,32,32,8,38,19,145504,331.494488,0.145504,8,1.0,36360,145440,0.0,-100.0,123.0,-100.0,0.0,8
1062,1741640,435410,-100.0,0.0,196,49,49,8,56,28,145504,331.639992,0.145504,8,1.0,36360,145440,0.0,-100.0,123.0,-100.0,0.0,8
1063,1959392,489848,-100.0,0.0,248,62,62,9,70,35,163692,331.803684,0.163692,9,1.0,40905,163620,0.0,-100.0,123.0,-100.0,0.0,9
1064,1959408,489852,-100.0,0.0,280,70,70,9,70,35,163692,331.967376,0.163692,9,1.0,40905,163620,0.0,-100.0,123.0,-100.0,0.0,9
1065,2394832,598708,-100.0,0.0,360,90,90,11,110,55,200068,332.167444,0.200068,11,1.0,49995,199980,0.0,-100.0,123.0,-100.0,0.0,11
1066,2396752,599188,-100.0,0.0,392,98,98,11,98,49,200068,332.367512,0.200068,11,1.0,49995,199980,0.0,-100.0,123.0,-100.0,0.0,11
1067,2614464,653616,-100.0,0.0,432,108,108,12,118,59,218256,332.585768,0.218256,12,1.0,54540,218160,0.0,-100.0,123.0,-100.0,0.0,12
1068,2834096,708524,-100.0,0.0,512,128,128,13,140,70,236444,332.822212,0.236444,13,1.0,59085,236340,0.0,-100.0,123.0,-100.0,0.0,13
1069,3071008,767752,-100.0,0.0,588,147,147,14,160,80,254632,333.076844,0.254632,14,1.0,63630,254520,0.0,-100.0,123.0,-100.0,0.0,14
1070,3074848,768712,-100.0,0.0,648,162,162,14,162,81,254632,333.331476,0.254632,14,1.0,63630,254520,0.0,-100.0,123.0,-100.0,0.0,14
1071,3294480,823620,-100.0,0.0,624,156,156,15,168,84,272820,333.604296,0.27282,15,1.0,68175,272700,0.0,-100.0,123.0,-100.0,0.0,15
1072,3074848,768712,-100.0,0.0,560,140,140,14,140,70,254632,333.858928,0.254632,14,1.0,63630,254520,0.0,-100.0,123.0,-100.0,0.0,14
1073,3294496,823624,-100.0,0.0,568,142,142,15,142,71,272820,334.131748,0.27282,15,1.0,68175,272700,0.0,-100.0,123.0,-100.0,0.0,15
1074,3077544,769386,-100.0,0.0,544,136,136,14,136,68,254632,334.38638,0.254632,14,1.0,63630,254520,0.0,-100.0,123.0,-100.0,0.0,14
1075,3076536,769134,-100.0,0.0,528,132,132,14,132,66,254632,334.641012,0.254632,14,1.0,63630,254520,0.0,-100.0,123.0,-100.0,0.0,14
1076,2640240,660060,-100.0,0.0,432,108,108,12,108,54,218256,334.859268,0.218256,12,1.0,54540,218160,0.0,-100.0,123.0,-100.0,0.0,12
1077,2640784,660196,-100.0,0.0,416,104,104,12,104,52,218256,335.077524,0.218256,12,1.0,54540,218160,0.0,-100.0,123.0,-100.0,0.0,12
1078,2421704,605426,-100.0,0.0,296,74,74,11,74,37,200068,335.277592,0.200068,11,1.0,49995,199980,0.0,-100.0,123.0,-100.0,0.0,11
1079,2643672,660918,-100.0,0.0,304,76,76,12,76,38,218256,335.495848,0.218256,12,1.0,54540,218160,0.0,-100.0,123.0,-100.0,0.0,12
1080,2203376,550844,-100.0,0.0,224,56,56,10,56,28,181880,335.677728,0.18188,10,1.0,45450,181800,0.0,-100.0,123.0,-100.0,0.0,10
1081,2426328,606582,-100.0,0.0,240,60,60,11,60,30,200068,335.877796,0.200068,11,1.0,49995,199980,0.0,-100.0,123.0,-100.0,0.0,11
1082,2434632,608658,-100.0,0.0,240,60,60,11,60,30,200068,336.077864,0.200068,11,1.0,49995,199980,0.0,-100.0,123.0,-100.0,0.0,11
1083,1992344,498086,-100.0,0.0,176,44,44,9,44,22,163692,336.241556,0.163692,9,1.0,40905,163620,0.0,-100.0,123.0,-100.0,0.0,9
1084,1551928,387982,-100.0,0.0,168,42,42,7,42,21,127316,336.368872,0.127316,7,1.0,31815,127260,0.0,-100.0,123.0,-100.0,0.0,7
1085,1331120,332780,-100.0,0.0,120,30,30,6,30,15,109128,336.478,0.109128,6,1.0,27270,109080,0.0,-100.0,123.0,-100.0,0.0,6
1086,1334704,333676,-100.0,0.0,120,30,30,6,30,15,109128,336.587128,0.109128,6,1.0,27270,109080,0.0,-100.0,123.0,-100.0,0.0,6
1087,1335600,333900,-100.0,0.0,120,30,30,6,30,15,109128,336.696256,0.109128,6,1.0,27270,109080,0.0,-100.0,123.0,-100.0,0.0,6
1088,1335600,333900,-100.0,0.0,120,30,30,6,30,15,109128,336.805384,0.109128,6,1.0,27270,109080,0.0,-100.0,123.0,-100.0,0.0,6
1089,1335600,333900,-100.0,0.0,120,30,30,6,30,15,109128,336.914512,0.109128,6,1.0,27270,109080,0.0,-100.0,123.0,-100.0,0.0,6
1090,1113000,278250,-100.0,0.0,80,20,20,5,20,10,90940,337.005452,0.09094,5,1.0,22725,90900,0.0,-100.0,123.0,-100.0,0.0,5
1091,890400,222600,-100.0,0.0,48,12,12,4,12,6,72752,337.078204,0.072752,4,1.0,18180,72720,0.0,-100.0,123.0,-100.0,0.0,4
1092,445200,111300,-100.0,0.0,8,2,2,2,2,1,36376,337.11458,0.036376,2,1.0,9090,36360,0.0,-100.0,123.0,-100.0,0.0,2
1093,445200,111300,-100.0,0.0,8,2,2,2,2,1,36376,337.150956,0.036376,2,1.0,9090,36360,0.0,-100.0,123.0,-100.0,0.0,2
1094,445200,111300,-100.0,0.0,8,2,2,2,2,1,36376,337.187332,0.036376,2,1.0,9090,36360,0.0,-100.0,123.0,-100.0,0.0,2
1095,445200,111300,-100.0,0.0,8,2,2,2,2,1,36376,337.223708,0.036376,2,1.0,9090,36360,0.0,-100.0,123.0,-100.0,0.0,2
1096,445200,111300,-100.0,0.0,8,2,2,2,2,1,36376,337.260084,0.036376,2,1.0,9090,36360,0.0,-100.0,123.0,-100.0,0.0,2
1097,0,0,-100.0,0.0,0,0,0,0,0,0,0,337.260084,0.0,0,1.0,0,0,0.0,-100.0,123.0,-100.0,0.0,0
1098,0,0,-100.0,0.0,0,0,0,0,0,0,0,337.260084,0.0,0,1.0,0,0,0.0,-100.0,123.0,-100.0,0.0,0
1099,0,0,-100.0,0.0,0,0,0,0,0,0,0,337.260084,0.0,0,1.0,0,0,0.0,-100.0,123.0,-100.0,0.0,0
1100,0,0,-100.0,0.0,0,0,0,0,0,0,0,337.260084,0.0,0,1.0,0,0,0.0,-100.0,123.0,-100.0,0.0,0
1101,0,0,-100.0,0.0,0,0,0,0,0,0,0,337.260084,0.0,0,1.0,0,0,0.0,-100.0,123.0,-100.0,0.0,0
1102,0,0,-100.0,0.0,0,0,0,0,0,0,0,337.260084,0.0,0,1.0,0,0,0.0,-100.0,123.0,-100.0,0.0,0
1103,0,0,-100.0,0.0,0,0,0,0,0,0,0,337.260084,0.0,0,1.0,0,0,0.0,-100.0,123.0,-100.0,0.0,0
1104,0,0,-100.0,0.0,0,0,0,0,0,0,0,337.260084,0.0,0,1.0,0,0,0.0,-100.0,123.0,-100.0,0.0,0
1105,0,0,-100.0,0.0,0,0,0,0,2,1,0,337.260084,0.0,0,1.0,0,0,0.0,-100.0,123.0,-100.0,0.0,0
1106,448,112,-100.0,0.0,8,2,2,2,2,1,36376,337.29646,0.036376,2,1.0,9090,36360,0.0,-100.0,123.0,-100.0,0.0,2
1107,912,228,-100.0,0.0,8,2,2,2,2,1,36376,337.332836,0.036376,2,1.0,9090,36360,0.0,-100.0,123.0,-100.0,0.0,2
1108,1968,492,-100.0,0.0,16,4,4,3,6,3,54564,337.3874,0.054564,3,1.0,13635,54540,0.0,-100.0,123.0,-100.0,0.0,3
1109,5960,1490,-100.0,0.0,36,9,9,4,12,6,72752,337.460152,0.072752,4,1.0,18180,72720,0.0,-100.0,123.0,-100.0,0.0,4
1110,10504,2626,-100.0,0.0,48,12,12,4,12,6,72752,337.532904,0.072752,4,1.0,18180,72720,0.0,-100.0,123.0,-100.0,0.0,4
1111,15144,3786,-100.0,0.0,48,12,12,4,12,6,72752,337.605656,0.072752,4,1.0,18180,72720,0.0,-100.0,123.0,-100.0,0.0,4
1112,22024,5506,-100.0,0.0,48,12,12,4,12,6,72752,337.678408,0.072752,4,1.0,18180,72720,0.0,-100.0,123.0,-100.0,0.0,4
1113,29520,7380,-100.0,0.0,48,12,12,4,12,6,72752,337.75116,0.072752,4,1.0,18180,72720,0.0,-100.0,123.0,-100.0,0.0,4
1114,39384,9846,-100.0,0.0,48,12,12,4,12,6,72752,337.823912,0.072752,4,1.0,18180,72720,0.0,-100.0,123.0,-100.0,0.0,4
1115,49608,12402,-100.0,0.0,48,12,12,4,12,6,72752,337.896664,0.072752,4,1.0,18180,72720,0.0,-100.0,123.0,-100.0,0.0,4
1116,61384,15346,-100.0,0.0,48,12,12,4,12,6,72752,337.969416,0.072752,4,1.0,18180,72720,0.0,-100.0,123.0,-100.0,0.0,4
1117,71720,17930,-100.0,0.0,48,12,12,4,12,6,72752,338.042168,0.072752,4,1.0,18180,72720,0.0,-100.0,123.0,-100.0,0.0,4
1118,60360,15090,-100.0,0.0,24,6,6,3,6,3,54564,338.096732,0.054564,3,1.0,13635,54540,0.0,-100.0,123.0,-100.0,0.0,3
1119,64696,16174,-100.0,0.0,24,6,6,3,6,3,54564,338.151296,0.054564,3,1.0,13635,54540,0.0,-100.0,123.0,-100.0,0.0,3
1120,67176,16794,-100.0,0.0,24,6,6,3,6,3,54564,338.20586,0.054564,3,1.0,13635,54540,0.0,-100.0,123.0,-100.0,0.0,3
1121,68544,17136,-100.0,0.0,24,6,6,3,6,3,54564,338.260424,0.054564,3,1.0,13635,54540,0.0,-100.0,123.0,-100.0,0.0,3
1122,70512,17628,-100.0,0.0,24,6,6,3,6,3,54564,338.314988,0.054564,3,1.0,13635,54540,0.0,-100.0,123.0,-100.0,0.0,3
1123,72656,18164,-100.0,0.0,24,6,6,3,6,3,54564,338.369552,0.054564,3,1.0,13635,54540,0.0,-100.0,123.0,-100.0,0.0,3
1124,74944,18736,-100.0,0.0,24,6,6,3,6,3,54564,338.424116,0.054564,3,1.0,13635,54540,0.0,-100.0,123.0,-100.0,0.0,3
1125,51216,12804,-100.0,0.0,8,2,2,2,2,1,36376,338.460492,0.036376,2,1.0,9090,36360,0.0,-100.0,123.0,-100.0,0.0,2
1126,51968,12992,-100.0,0.0,8,2,2,2,2,1,36376,338.496868,0.036376,2,1.0,9090,36360,0.0,-100.0,123.0,-100.0,0.0,2
1127,52288,13072,-100.0,0.0,8,2,2,2,2,1,36376,338.533244,0.036376,2,1.0,9090,36360,0.0,-100.0,123.0,-100.0,0.0,2
1128,52560,13140,-100.0,0.0,8,2,2,2,2,1,36376,338.56962,0.036376,2,1.0,9090,36360,0.0,-100.0,123.0,-100.0,0.0,2
1129,52784,13196,-100.0,0.0,8,2,2,2,2,1,36376,338.605996,0.036376,2,1.0,9090,36360,0.0,-100.0,123.0,-100.0,0.0,2
1130,0,0,-100.0,0.0,0,0,0,0,0,0,0,338.605996,0.0,0,1.0,0,0,0.0,-100.0,123.0,-100.0,0.0,0
1131,0,0,-100.0,0.0,0,0,0,0,0,0,0,338.605996,0.0,0,1.0,0,0,0.0,-100.0,123.0,-100.0,0.0,0
1132,0,0,-100.0,0.0,0,0,0,0,0,0,0,338.605996,0.0,0,1.0,0,0,0.0,-100.0,123.0,-100.0,0.0,0
1133,0,0,-100.0,0.0,0,0,0,0,0,0,0,338.605996,0.0,0,1.0,0,0,0.0,-100.0,123.0,-100.0,0.0,0
1134,0,0,-100.0,0.0,0,0,0,0,0,0,0,338.605996,0.0,0,1.0,0,0,0.0,-100.0,123.0,-100.0,0.0,0
1135,0,0,-100.0,0.0,0,0,0,0,0,0,0,338.605996,0.0,0,1.0,0,0,0.0,-100.0,123.0,-100.0,0.0,0
1136,0,0,-100.0,0.0,0,0,0,0,0,0,0,338.605996,0.0,0,1.0,0,0,0.0,-100.0,123.0,-100.0,0.0,0
1137,0,0,-100.0,0.0,0,0,0,0,0,0,0,338.605996,0.0,0,1.0,0,0,0.0,-100.0,123.0,-100.0,0.0,0
1138,0,0,-100.0,0.0,0,0,0,0,0,0,0,338.605996,0.0,0,1.0,0,0,0.0,-100.0,123.0,-100.0,0.0,0
1139,0,0,-100.0,0.0,0,0,0,0,2,1,0,338.605996,0.0,0,1.0,0,0,0.0,-100.0,123.0,-100.0,0.0,0
1140,256,64,-100.0,0.0,8,2,2,2,2,1,36376,338.642372,0.036376,2,1.0,9090,36360,0.0,-100.0,123.0,-100.0,0.0,2
1141,720,180,-100.0,0.0,16,4,4,3,6,3,54564,338.696936,0.054564,3,1.0,13635,54540,0.0,-100.0,123.0,-100.0,0.0,3
1142,3120,780,-100.0,0.0,36,9,9,4,12,6,72752,338.769688,0.072752,4,1.0,18180,72720,0.0,-100.0,123.0,-100.0,0.0,4
1143,7064,1766,-100.0,0.0,64,16,16,5,20,10,90940,338.860628,0.09094,5,1.0,22725,90900,0.0,-100.0,123.0,-100.0,0.0,5
1144,16200,4050,-100.0,0.0,120,30,30,7,42,21,127316,338.987944,0.127316,7,1.0,31815,127260,0.0,-100.0,123.0,-100.0,0.0,7
1145,29504,7376,-100.0,0.0,196,49,49,8,56,28,145504,339.133448,0.145504,8,1.0,36360,145440,0.0,-100.0,123.0,-100.0,0.0,8
1146,43200,10800,-100.0,0.0,256,64,64,9,72,36,163692,339.29714,0.163692,9,1.0,40905,163620,0.0,-100.0,123.0,-100.0,0.0,9
1147,64560,16140,-100.0,0.0,324,81,81,10,90,45,181880,339.47902,0.18188,10,1.0,45450,181800,0.0,-100.0,123.0,-100.0,0.0,10
1148,82184,20546,-100.0,0.0,360,90,90,10,90,45,181880,339.6609,0.18188,10,1.0,45450,181800,0.0,-100.0,123.0,-100.0,0.0,10
1149,122216,30554,-100.0,0.0,432,108,108,12,130,65,218256,339.879156,0.218256,12,1.0,54540,218160,0.0,-100.0,123.0,-100.0,0.0,12
1150,157224,39306,-100.0,0.0,496,124,124,12,124,62,218256,340.097412,0.218256,12,1.0,54540,218160,0.0,-100.0,123.0,-100.0,0.0,12
1151,199280,49820,-100.0,0.0,512,128,128,13,140,70,236444,340.333856,0.236444,13,1.0,59085,236340,0.0,-100.0,123.0,-100.0,0.0,13
1152,219592,54898,-100.0,0.0,560,140,140,13,140,70,236444,340.5703,0.236444,13,1.0,59085,236340,0.0,-100.0,123.0,-100.0,0.0,13
1153,280712,70178,-100.0,0.0,640,160,160,15,188,94,272820,340.84312,0.27282,15,1.0,68175,272700,0.0,-100.0,123.0,-100.0,0.0,15
1154,302264,75566,-100.0,0.0,688,172,172,15,172,86,272820,341.11594,0.27282,15,1.0,68175,272700,0.0,-100.0,123.0,-100.0,0.0,15
1155,338520,84630,-100.0,0.0,648,162,162,15,162,81,272820,341.38876,0.27282,15,1.0,68175,272700,0.0,-100.0,123.0,-100.0,0.0,15
1156,359056,89764,-100.0,0.0,688,172,172,15,172,86,272820,341.66158,0.27282,15,1.0,68175,272700,0.0,-100.0,123.0,-100.0,0.0,15
1157,468648,117162,-100.0,0.0,688,172,172,15,172,86,272820,341.9344,0.27282,15,1.0,68175,272700,0.0,-100.0,123.0,-100.0,0.0,15
1158,518288,129572,-100.0,0.0,640,160,160,15,160,80,272820,342.20722,0.27282,15,1.0,68175,272700,0.0,-100.0,123.0,-100.0,0.0,15
1159,533624,133406,-100.0,0.0,520,130,130,13,130,65,236444,342.443664,0.236444,13,1.0,59085,236340,0.0,-100.0,123.0,-100.0,0.0,13
1160,539968,134992,-100.0,0.0,488,122,122,12,122,61,218256,342.66192,0.218256,12,1.0,54540,218160,0.0,-100.0,123.0,-100.0,0.0,12
1161,506408,126602,-100.0,0.0,408,102,102,11,102,51,200068,342.861988,0.200068,11,1.0,49995,199980,0.0,-100.0,123.0,-100.0,0.0,11
1162,522392,130598,-100.0,0.0,408,102,102,11,102,51,200068,343.062056,0.200068,11,1.0,49995,199980,0.0,-100.0,123.0,-100.0,0.0,11
1163,544320,136080,-100.0,0.0,440,110,110,11,110,55,200068,343.262124,0.200068,11,1.0,49995,199980,0.0,-100.0,123.0,-100.0,0.0,11
1164,503520,125880,-100.0,0.0,360,90,90,10,90,45,181880,343.444004,0.18188,10,1.0,45450,181800,0.0,-100.0,123.0,-100.0,0.0,10
1165,505624,126406,-100.0,0.0,352,88,88,10,88,44,181880,343.625884,0.18188,10,1.0,45450,181800,0.0,-100.0,123.0,-100.0,0.0,10
1166,461040,115260,-100.0,0.0,288,72,72,9,72,36,163692,343.789576,0.163692,9,1.0,40905,163620,0.0,-100.0,123.0,-100.0,0.0,9
1167,411616,102904,-100.0,0.0,224,56,56,8,56,28,145504,343.93508,0.145504,8,1.0,36360,145440,0.0,-100.0,123.0,-100.0,0.0,8
1168,418384,104596,-100.0,0.0,224,56,56,8,56,28,145504,344.080584,0.145504,8,1.0,36360,145440,0.0,-100.0,123.0,-100.0,0.0,8
1169,372016,93004,-100.0,0.0,168,42,42,7,42,21,127316,344.2079,0.127316,7,1.0,31815,127260,0.0,-100.0,123.0,-100.0,0.0,7
1170,267344,66836,-100.0,0.0,80,20,20,5,20,10,90940,344.29884,0.09094,5,1.0,22725,90900,0.0,-100.0,123.0,-100.0,0.0,5
1171,268040,67010,-100.0,0.0,80,20,20,5,20,10,90940,344.38978,0.09094,5,1.0,22725,90900,0.0,-100.0,123.0,-100.0,0.0,5
1172,214696,53674,-100.0,0.0,48,12,12,4,12,6,72752,344.462532,0.072752,4,1.0,18180,72720,0.0,-100.0,123.0,-100.0,0.0,4
1173,214720,53680,-100.0,0.0,48,12,12,4,12,6,72752,344.535284,0.072752,4,1.0,18180,72720,0.0,-100.0,123.0,-100.0,0.0,4
1174,214720,53680,-100.0,0.0,48,12,12,4,12,6,72752,344.608036,0.072752,4,1.0,18180,72720,0.0,-100.0,123.0,-100.0,0.0,4
1175,214872,53718,-100.0,0.0,48,12,12,4,12,6,72752,344.680788,0.072752,4,1.0,18180,72720,0.0,-100.0,123.0,-100.0,0.0,4
1176,161944,40486,-100.0,0.0,24,6,6,3,6,3,54564,344.735352,0.054564,3,1.0,13635,54540,0.0,-100.0,123.0,-100.0,0.0,3
1177,162944,40736,-100.0,0.0,24,6,6,3,6,3,54564,344.789916,0.054564,3,1.0,13635,54540,0.0,-100.0,123.0,-100.0,0.0,3
1178,109344,27336,-100.0,0.0,8,2,2,2,2,1,36376,344.826292,0.036376,2,1.0,9090,36360,0.0,-100.0,123.0,-100.0,0.0,2
1179,110048,27512,-100.0,0.0,8,2,2,2,2,1,36376,344.862668,0.036376,2,1.0,9090,36360,0.0,-100.0,123.0,-100.0,0.0,2
1180,0,0,-100.0,0.0,0,0,0,0,0,0,0,344.862668,0.0,0,1.0,0,0,0.0,-100.0,123.0,-100.0,0.0,0
1181,0,0,-100.0,0.0,0,0,0,0,0,0,0,344.862668,0.0,0,1.0,0,0,0.0,-100.0,123.0,-100.0,0.0,0
1182,0,0,-100.0,0.0,0,0,0,0,0,0,0,344.862668,0.0,0,1.0,0,0,0.0,-100.0,123.0,-100.0,0.0,0
1183,0,0,-100.0,0.0,0,0,0,0,0,0,0,344.862668,0.0,0,1.0,0,0,0.0,-100.0,123.0,-100.0,0.0,0
1184,0,0,-100.0,0.0,0,0,0,0,0,0,0,344.862668,0.0,0,1.0,0,0,0.0,-100.0,123.0,-100.0,0.0,0
1185,0,0,-100.0,0.0,0,0,0,0,0,0,0,344.862668,0.0,0,1.0,0,0,0.0,-100.0,123.0,-100.0,0.0,0
1186,0,0,-100.0,0.0,0,0,0,0,0,0,0,344.862668,0.0,0,1.0,0,0,0.0,-100.0,123.0,-100.0,0.0,0
1187,0,0,-100.0,0.0,0,0,0,0,0,0,0,344.862668,0.0,0,1.0,0,0,0.0,-100.0,123.0,-100.0,0.0,0
1188,0,0,-100.0,0.0,0,0,0,0,0,0,0,344.862668,0.0,0,1.0,0,0,0.0,-100.0,123.0,-100.0,0.0,0
1189,0,0,-100.0,0.0,0,0,0,0,0,0,0,344.862668,0.0,0,1.0,0,0,0.0,-100.0,123.0,-100.0,0.0,0
1190,0,0,-100.0,0.0,0,0,0,0,0,0,0,344.862668,0.0,0,1.0,0,0,0.0,-100.0,123.0,-100.0,0.0,0
1191,0,0,-100.0,0.0,0,0,0,0,2,1,0,344.862668,0.0,0,1.0,0,0,0.0,-100.0,123.0,-100.0,0.0,0
1192,4448,1112,-100.0,0.0,8,2,2,2,2,1,36376,344.899044,0.036376,2,1.0,9090,36360,0.0,-100.0,123.0,-100.0,0.0,2
1193,8224,2056,-100.0,0.0,8,2,2,2,2,1,36376,344.93542,0.036376,2,1.0,9090,36360,0.0,-100.0,123.0,-100.0,0.0,2
1194,17592,4398,-100.0,0.0,16,4,4,3,6,3,54564,344.989984,0.054564,3,1.0,13635,54540,0.0,-100.0,123.0,-100.0,0.0,3
1195,23352,5838,-100.0,0.0,16,4,4,3,4,2,54564,345.044548,0.054564,3,1.0,13635,54540,0.0,-100.0,123.0,-100.0,0.0,3
1196,30456,7614,-100.0,0.0,24,6,6,3,6,3,54564,345.099112,0.054564,3,1.0,13635,54540,0.0,-100.0,123.0,-100.0,0.0,3
1197,36712,9178,-100.0,0.0,24,6,6,3,6,3,54564,345.153676,0.054564,3,1.0,13635,54540,0.0,-100.0,123.0,-100.0,0.0,3
1198,57952,14488,-100.0,0.0,36,9,9,4,12,6,72752,345.226428,0.072752,4,1.0,18180,72720,0.0,-100.0,123.0,-100.0,0.0,4
1199,86952,21738,-100.0,0.0,64,16,16,5,20,10,90940,345.317368,0.09094,5,1.0,22725,90900,0.0,-100.0,123.0,-100.0,0.0,5
1200,105616,26404,-100.0,0.0,80,20,20,5,20,10,90940,345.408308,0.09094,5,1.0,22725,90900,0.0,-100.0,123.0,-100.0,0.0,5
1201,121032,30258,-100.0,0.0,80,20,20,5,20,10,90940,345.499248,0.09094,5,1.0,22725,90900,0.0,-100.0,123.0,-100.0,0.0,5
1202,157136,39284,-100.0,0.0,100,25,25,6,30,15,109128,345.608376,0.109128,6,1.0,27270,109080,0.0,-100.0,123.0,-100.0,0.0,6
1203,169984,42496,-100.0,0.0,120,30,30,6,30,15,109128,345.717504,0.109128,6,1.0,27270,109080,0.0,-100.0,123.0,-100.0,0.0,6
1204,207600,51900,-100.0,0.0,144,36,36,7,42,21,127316,345.84482,0.127316,7,1.0,31815,127260,0.0,-100.0,123.0,-100.0,0.0,7
1205,219616,54904,-100.0,0.0,168,42,42,7,42,21,127316,345.972136,0.127316,7,1.0,31815,127260,0.0,-100.0,123.0,-100.0,0.0,7
1206,273264,68316,-100.0,0.0,196,49,49,8,56,28,145504,346.11764,0.145504,8,1.0,36360,145440,0.0,-100.0,123.0,-100.0,0.0,8
1207,287088,71772,-100.0,0.0,224,56,56,8,56,28,145504,346.263144,0.145504,8,1.0,36360,145440,0.0,-100.0,123.0,-100.0,0.0,8
1208,321944,80486,-100.0,0.0,224,56,56,8,56,28,145504,346.408648,0.145504,8,1.0,36360,145440,0.0,-100.0,123.0,-100.0,0.0,8
1209,363840,90960,-100.0,0.0,216,54,54,8,54,27,145504,346.554152,0.145504,8,1.0,36360,145440,0.0,-100.0,123.0,-100.0,0.0,8
1210,377120,94280,-100.0,0.0,184,46,46,8,52,26,145504,346.699656,0.145504,8,1.0,36360,145440,0.0,-100.0,123.0,-100.0,0.0,8
1211,399504,99876,-100.0,0.0,216,54,54,8,54,27,145504,346.84516,0.145504,8,1.0,36360,145440,0.0,-100.0,123.0,-100.0,0.0,8
1212,440208,110052,-100.0,0.0,224,56,56,8,56,28,145504,346.990664,0.145504,8,1.0,36360,145440,0.0,-100.0,123.0,-100.0,0.0,8
1213,471752,117938,-100.0,0.0,192,48,48,8,48,24,145504,347.136168,0.145504,8,1.0,36360,145440,0.0,-100.0,123.0,-100.0,0.0,8
1214,488624,122156,-100.0,0.0,208,52,52,8,52,26,145504,347.281672,0.145504,8,1.0,36360,145440,0.0,-100.0,123.0,-100.0,0.0,8
1215,509344,127336,-100.0,0.0,224,56,56,8,56,28,145504,347.427176,0.145504,8,1.0,36360,145440,0.0,-100.0,123.0,-100.0,0.0,8
1216,601168,150292,-100.0,0.0,248,62,62,9,70,35,163692,347.590868,0.163692,9,1.0,40905,163620,0.0,-100.0,123.0,-100.0,0.0,9
1217,623352,155838,-100.0,0.0,288,72,72,9,72,36,163692,347.75456,0.163692,9,1.0,40905,163620,0.0,-100.0,123.0,-100.0,0.0,9
1218,578680,144670,-100.0,0.0,224,56,56,8,56,28,145504,347.900064,0.145504,8,1.0,36360,145440,0.0,-100.0,123.0,-100.0,0.0,8
1219,591072,147768,-100.0,0.0,216,54,54,8,54,27,145504,348.045568,0.145504,8,1.0,36360,145440,0.0,-100.0,123.0,-100.0,0.0,8
1220,449360,112340,-100.0,0.0,80,20,20,6,20,10,109128,348.154696,0.109128,6,1.0,27270,109080,0.0,-100.0,123.0,-100.0,0.0,6
1221,532480,133120,-100.0,0.0,92,23,23,7,28,14,127316,348.282012,0.127316,7,1.0,31815,127260,0.0,-100.0,123.0,-100.0,0.0,7
1222,618912,154728,-100.0,0.0,132,33,33,8,40,20,145504,348.427516,0.145504,8,1.0,36360,145440,0.0,-100.0,123.0,-100.0,0.0,8
1223,783296,195824,-100.0,0.0,172,43,43,10,50,25,181880,348.609396,0.18188,10,1.0,45450,181800,0.0,-100.0,123.0,-100.0,0.0,10
1224,874328,218582,-100.0,0.0,224,56,56,11,66,33,200068,348.809464,0.200068,11,1.0,49995,199980,0.0,-100.0,123.0,-100.0,0.0,11
1225,815528,203882,-100.0,0.0,256,64,64,10,64,32,181880,348.991344,0.18188,10,1.0,45450,181800,0.0,-100.0,123.0,-100.0,0.0,10
1226,1085936,271484,-100.0,0.0,308,77,77,13,94,47,236444,349.227788,0.236444,13,1.0,59085,236340,0.0,-100.0,123.0,-100.0,0.0,13
1227,1022232,255558,-100.0,0.0,328,82,82,12,90,45,218256,349.446044,0.218256,12,1.0,54540,218160,0.0,-100.0,123.0,-100.0,0.0,12
1228,1123432,280858,-100.0,0.0,464,116,116,13,126,63,236444,349.682488,0.236444,13,1.0,59085,236340,0.0,-100.0,123.0,-100.0,0.0,13
1229,1234488,308622,-100.0,0.0,524,131,131,14,142,71,254632,349.93712,0.254632,14,1.0,63630,254520,0.0,-100.0,123.0,-100.0,0.0,14
1230,1327320,331830,-100.0,0.0,624,156,156,15,168,84,272820,350.20994,0.27282,15,1.0,68175,272700,0.0,-100.0,123.0,-100.0,0.0,15
1231,1469560,367390,-100.0,0.0,828,207,207,16,236,118,291008,350.500948,0.291008,16,1.0,72720,290880,0.0,-100.0,123.0,-100.0,0.0,16
1232,1492608,373152,-100.0,0.0,944,236,236,16,236,118,291008,350.791956,0.291008,16,1.0,72720,290880,0.0,-100.0,123.0,-100.0,0.0,16
1233,1591224,397806,-100.0,0.0,960,240,240,17,272,136,309196,351.101152,0.309196,17,1.0,77265,309060,0.0,-100.0,123.0,-100.0,0.0,17
1234,1687840,421960,-100.0,0.0,1100,275,275,18,292,146,327384,351.428536,0.327384,18,1.0,81810,327240,0.0,-100.0,123.0,-100.0,0.0,18
1235,1781632,445408,-100.0,0.0,1208,302,302,19,320,160,345572,351.774108,0.345572,19,1.0,86355,345420,0.0,-100.0,123.0,-100.0,0.0,19
1236,1787280,446820,-100.0,0.0,1256,314,314,19,314,157,345572,352.11968,0.345572,19,1.0,86355,345420,0.0,-100.0,123.0,-100.0,0.0,19
1237,1933184,483296,-100.0,0.0,1288,322,322,20,340,170,363760,352.48344,0.36376,20,1.0,90900,363600,0.0,-100.0,123.0,-100.0,0.0,20
1238,1940120,485030,-100.0,0.0,1320,330,330,20,330,165,363760,352.8472,0.36376,20,1.0,90900,363600,0.0,-100.0,123.0,-100.0,0.0,20
1239,1947016,486754,-100.0,0.0,1336,334,334,20,334,167,363760,353.21096,0.36376,20,1.0,90900,363600,0.0,-100.0,123.0,-100.0,0.0,20
1240,1988480,497120,-100.0,0.0,1384,346,346,20,346,173,363760,353.57472,0.36376,20,1.0,90900,363600,0.0,-100.0,123.0,-100.0,0.0,20
1241,2018712,504678,-100.0,0.0,1288,322,322,19,322,161,345572,353.920292,0.345572,19,1.0,86355,345420,0.0,-100.0,123.0,-100.0,0.0,19
1242,1936848,484212,-100.0,0.0,1144,286,286,18,286,143,327384,354.247676,0.327384,18,1.0,81810,327240,0.0,-100.0,123.0,-100.0,0.0,18
1243,1956320,489080,-100.0,0.0,1120,280,280,18,280,140,327384,354.57506,0.327384,18,1.0,81810,327240,0.0,-100.0,123.0,-100.0,0.0,18
1244,1871752,467938,-100.0,0.0,1024,256,256,17,256,128,309196,354.884256,0.309196,17,1.0,77265,309060,0.0,-100.0,123.0,-100.0,0.0,17
1245,1895208,473802,-100.0,0.0,1032,258,258,17,258,129,309196,355.193452,0.309196,17,1.0,77265,309060,0.0,-100.0,123.0,-100.0,0.0,17
1246,1932592,483148,-100.0,0.0,1064,266,266,17,266,133,309196,355.502648,0.309196,17,1.0,77265,309060,0.0,-100.0,123.0,-100.0,0.0,17
1247,1829392,457348,-100.0,0.0,912,228,228,16,228,114,291008,355.793656,0.291008,16,1.0,72720,290880,0.0,-100.0,123.0,-100.0,0.0,16
1248,1618728,404682,-100.0,0.0,696,174,174,14,174,87,254632,356.048288,0.254632,14,1.0,63630,254520,0.0,-100.0,123.0,-100.0,0.0,14
1249,1393816,348454,-100.0,0.0,528,132,132,12,132,66,218256,356.266544,0.218256,12,1.0,54540,218160,0.0,-100.0,123.0,-100.0,0.0,12
1250,1286424,321606,-100.0,0.0,440,110,110,11,110,55,200068,356.466612,0.200068,11,1.0,49995,199980,0.0,-100.0,123.0,-100.0,0.0,11
1251,1171112,292778,-100.0,0.0,360,90,90,10,90,45,181880,356.648492,0.18188,10,1.0,45450,181800,0.0,-100.0,123.0,-100.0,0.0,10
1252,1174576,293644,-100.0,0.0,360,90,90,10,90,45,181880,356.830372,0.18188,10,1.0,45450,181800,0.0,-100.0,123.0,-100.0,0.0,10
1253,1059160,264790,-100.0,0.0,288,72,72,9,72,36,163692,356.994064,0.163692,9,1.0,40905,163620,0.0,-100.0,123.0,-100.0,0.0,9
1254,946848,236712,-100.0,0.0,224,56,56,8,56,28,145504,357.139568,0.145504,8,1.0,36360,145440,0.0,-100.0,123.0,-100.0,0.0,8
1255,829816,207454,-100.0,0.0,168,42,42,7,42,21,127316,357.266884,0.127316,7,1.0,31815,127260,0.0,-100.0,123.0,-100.0,0.0,7
1256,713664,178416,-100.0,0.0,120,30,30,6,30,15,109128,357.376012,0.109128,6,1.0,27270,109080,0.0,-100.0,123.0,-100.0,0.0,6
1257,718480,179620,-100.0,0.0,120,30,30,6,30,15,109128,357.48514,0.109128,6,1.0,27270,109080,0.0,-100.0,123.0,-100.0,0.0,6
1258,479448,119862,-100.0,0.0,48,12,12,4,12,6,72752,357.557892,0.072752,4,1.0,18180,72720,0.0,-100.0,123.0,-100.0,0.0,4
1259,480224,120056,-100.0,0.0,48,12,12,4,12,6,72752,357.630644,0.072752,4,1.0,18180,72720,0.0,-100.0,123.0,-100.0,0.0,4
1260,360896,90224,-100.0,0.0,24,6,6,3,6,3,54564,357.685208,0.054564,3,1.0,13635,54540,0.0,-100.0,123.0,-100.0,0.0,3
1261,361832,90458,-100.0,0.0,24,6,6,3,6,3,54564,357.739772,0.054564,3,1.0,13635,54540,0.0,-100.0,123.0,-100.0,0.0,3
1262,362368,90592,-100.0,0.0,16,4,4,3,6,3,54564,357.794336,0.054564,3,1.0,13635,54540,0.0,-100.0,123.0,-100.0,0.0,3
1263,241912,60478,-100.0,0.0,8,2,2,2,2,1,36376,357.830712,0.036376,2,1.0,9090,36360,0.0,-100.0,123.0,-100.0,0.0,2
1264,242096,60524,-100.0,0.0,8,2,2,2,2,1,36376,357.867088,0.036376,2,1.0,9090,36360,0.0,-100.0,123.0,-100.0,0.0,2
1265,363192,90798,-100.0,0.0,16,4,4,3,6,3,54564,357.921652,0.054564,3,1.0,13635,54540,0.0,-100.0,123.0,-100.0,0.0,3
1266,242200,60550,-100.0,0.0,8,2,2,2,2,1,36376,357.958028,0.036376,2,1.0,9090,36360,0.0,-100.0,123.0,-100.0,0.0,2
1267,242256,60564,-100.0,0.0,8,2,2,2,2,1,36376,357.994404,0.036376,2,1.0,9090,36360,0.0,-100.0,123.0,-100.0,0.0,2
1268,242256,60564,-100.0,0.0,8,2,2,2,2,1,36376,358.03078,0.036376,2,1.0,9090,36360,0.0,-100.0,123.0,-100.0,0.0,2
1269,242256,60564,-100.0,0.0,8,2,2,2,2,1,36376,358.067156,0.036376,2,1.0,9090,36360,0.0,-100.0,123.0,-100.0,0.0,2
1270,242256,60564,-100.0,0.0,8,2,2,2,2,1,36376,358.103532,0.036376,2,1.0,9090,36360,0.0,-100.0,123.0,-100.0,0.0,2
1271,242256,60564,-100.0,0.0,8,2,2,2,2,1,36376,358.139908,0.036376,2,1.0,9090,36360,0.0,-100.0,123.0,-100.0,0.0,2
1272,363384,90846,-100.0,0.0,16,4,4,3,6,3,54564,358.194472,0.054564,3,1.0,13635,54540,0.0,-100.0,123.0,-100.0,0.0,3
1273,363384,90846,-100.0,0.0,24,6,6,3,6,3,54564,358.249036,0.054564,3,1.0,13635,54540,0.0,-100.0,123.0,-100.0,0.0,3
1274,484512,121128,-100.0,0.0,36,9,9,4,12,6,72752,358.321788,0.072752,4,1.0,18180,72720,0.0,-100.0,123.0,-100.0,0.0,4
1275,484512,121128,-100.0,0.0,48,12,12,4,12,6,72752,358.39454,0.072752,4,1.0,18180,72720,0.0,-100.0,123.0,-100.0,0.0,4
1276,484560,121140,-100.0,0.0,48,12,12,4,12,6,72752,358.467292,0.072752,4,1.0,18180,72720,0.0,-100.0,123.0,-100.0,0.0,4
1277,484680,121170,-100.0,0.0,24,6,6,4,6,3,72752,358.540044,0.072752,4,1.0,18180,72720,0.0,-100.0,123.0,-100.0,0.0,4
1278,484800,121200,-100.0,0.0,24,6,6,4,6,3,72752,358.612796,0.072752,4,1.0,18180,72720,0.0,-100.0,123.0,-100.0,0.0,4
1279,727248,181812,-100.0,0.0,48,12,12,6,16,8,109128,358.721924,0.109128,6,1.0,27270,109080,0.0,-100.0,123.0,-100.0,0.0,6
1280,607400,151850,-100.0,0.0,48,12,12,5,12,6,90940,358.812864,0.09094,5,1.0,22725,90900,0.0,-100.0,123.0,-100.0,0.0,5
1281,731496,182874,-100.0,0.0,72,18,18,6,18,9,109128,358.921992,0.109128,6,1.0,27270,109080,0.0,-100.0,123.0,-100.0,0.0,6
1282,731664,182916,-100.0,0.0,60,15,15,6,16,8,109128,359.03112,0.109128,6,1.0,27270,109080,0.0,-100.0,123.0,-100.0,0.0,6
1283,854504,213626,-100.0,0.0,100,25,25,7,30,15,127316,359.158436,0.127316,7,1.0,31815,127260,0.0,-100.0,123.0,-100.0,0.0,7
1284,853608,213402,-100.0,0.0,96,24,24,7,24,12,127316,359.285752,0.127316,7,1.0,31815,127260,0.0,-100.0,123.0,-100.0,0.0,7
1285,611752,152938,-100.0,0.0,80,20,20,5,20,10,90940,359.376692,0.09094,5,1.0,22725,90900,0.0,-100.0,123.0,-100.0,0.0,5
1286,489848,122462,-100.0,0.0,48,12,12,4,12,6,72752,359.449444,0.072752,4,1.0,18180,72720,0.0,-100.0,123.0,-100.0,0.0,4
1287,492288,123072,-100.0,0.0,40,10,10,4,10,5,72752,359.522196,0.072752,4,1.0,18180,72720,0.0,-100.0,123.0,-100.0,0.0,4
1288,495520,123880,-100.0,0.0,40,10,10,4,10,5,72752,359.594948,0.072752,4,1.0,18180,72720,0.0,-100.0,123.0,-100.0,0.0,4
1289,372392,93098,-100.0,0.0,24,6,6,3,6,3,54564,359.649512,0.054564,3,1.0,13635,54540,0.0,-100.0,123.0,-100.0,0.0,3
1290,498496,124624,-100.0,0.0,48,12,12,4,12,6,72752,359.722264,0.072752,4,1.0,18180,72720,0.0,-100.0,123.0,-100.0,0.0,4
1291,498496,124624,-100.0,0.0,48,12,12,4,12,6,72752,359.795016,0.072752,4,1.0,18180,72720,0.0,-100.0,123.0,-100.0,0.0,4
1292,623120,155780,-100.0,0.0,52,13,13,5,14,7,90940,359.885956,0.09094,5,1.0,22725,90900,0.0,-100.0,123.0,-100.0,0.0,5
1293,625904,156476,-100.0,0.0,68,17,17,5,22,11,90940,359.976896,0.09094,5,1.0,22725,90900,0.0,-100.0,123.0,-100.0,0.0,5
1294,754880,188720,-100.0,0.0,88,22,22,6,22,11,109128,360.086024,0.109128,6,1.0,27270,109080,0.0,-100.0,123.0,-100.0,0.0,6
1295,757432,189358,-100.0,0.0,88,22,22,6,24,12,109128,360.195152,0.109128,6,1.0,27270,109080,0.0,-100.0,123.0,-100.0,0.0,6
1296,505712,126428,-100.0,0.0,32,8,8,4,8,4,72752,360.267904,0.072752,4,1.0,18180,72720,0.0,-100.0,123.0,-100.0,0.0,4
1297,759312,189828,-100.0,0.0,60,15,15,6,24,12,109128,360.377032,0.109128,6,1.0,27270,109080,0.0,-100.0,123.0,-100.0,0.0,6
1298,633128,158282,-100.0,0.0,64,16,16,5,16,8,90940,360.467972,0.09094,5,1.0,22725,90900,0.0,-100.0,123.0,-100.0,0.0,5
1299,760496,190124,-100.0,0.0,84,21,21,6,26,13,109128,360.5771,0.109128,6,1.0,27270,109080,0.0,-100.0,123.0,-100.0,0.0,6
1300,887504,221876,-100.0,0.0,136,34,34,7,40,20,127316,360.704416,0.127316,7,1.0,31815,127260,0.0,-100.0,123.0,-100.0,0.0,7
1301,888264,222066,-100.0,0.0,128,32,32,7,32,16,127316,360.831732,0.127316,7,1.0,31815,127260,0.0,-100.0,123.0,-100.0,0.0,7
1302,889160,222290,-100.0,0.0,144,36,36,7,36,18,127316,360.959048,0.127316,7,1.0,31815,127260,0.0,-100.0,123.0,-100.0,0.0,7
1303,1016512,254128,-100.0,0.0,176,44,44,8,50,25,145504,361.104552,0.145504,8,1.0,36360,145440,0.0,-100.0,123.0,-100.0,0.0,8
1304,1143744,285936,-100.0,0.0,236,59,59,9,66,33,163692,361.268244,0.163692,9,1.0,40905,163620,0.0,-100.0,123.0,-100.0,0.0,9
1305,1525056,381264,-100.0,0.0,368,92,92,12,116,58,218256,361.4865,0.218256,12,1.0,54540,218160,0.0,-100.0,123.0,-100.0,0.0,12
1306,1525680,381420,-100.0,0.0,480,120,120,12,120,60,218256,361.704756,0.218256,12,1.0,54540,218160,0.0,-100.0,123.0,-100.0,0.0,12
1307,1652888,413222,-100.0,0.0,516,129,129,13,136,68,236444,361.9412,0.236444,13,1.0,59085,236340,0.0,-100.0,123.0,-100.0,0.0,13
1308,1653088,413272,-100.0,0.0,528,132,132,13,142,71,236444,362.177644,0.236444,13,1.0,59085,236340,0.0,-100.0,123.0,-100.0,0.0,13
1309,1780352,445088,-100.0,0.0,556,139,139,14,150,75,254632,362.432276,0.254632,14,1.0,63630,254520,0.0,-100.0,123.0,-100.0,0.0,14
1310,1907520,476880,-100.0,0.0,616,154,154,15,166,83,272820,362.705096,0.27282,15,1.0,68175,272700,0.0,-100.0,123.0,-100.0,0.0,15
1311,1907544,476886,-100.0,0.0,736,184,184,15,184,92,272820,362.977916,0.27282,15,1.0,68175,272700,0.0,-100.0,123.0,-100.0,0.0,15
1312,2034688,508672,-100.0,0.0,800,200,200,16,208,104,291008,363.268924,0.291008,16,1.0,72720,290880,0.0,-100.0,123.0,-100.0,0.0,16
1313,2162040,540510,-100.0,0.0,860,215,215,17,228,114,309196,363.57812,0.309196,17,1.0,77265,309060,0.0,-100.0,123.0,-100.0,0.0,17
1314,2289688,572422,-100.0,0.0,944,236,236,18,252,126,327384,363.905504,0.327384,18,1.0,81810,327240,0.0,-100.0,123.0,-100.0,0.0,18
1315,2417552,604388,-100.0,0.0,1148,287,287,19,304,152,345572,364.251076,0.345572,19,1.0,86355,345420,0.0,-100.0,123.0,-100.0,0.0,19
1316,2417848,604462,-100.0,0.0,1180,295,295,19,312,156,345572,364.596648,0.345572,19,1.0,86355,345420,0.0,-100.0,123.0,-100.0,0.0,19
1317,2421488,605372,-100.0,0.0,1208,302,302,19,302,151,345572,364.94222,0.345572,19,1.0,86355,345420,0.0,-100.0,123.0,-100.0,0.0,19
1318,2550080,637520,-100.0,0.0,1228,307,307,20,362,181,363760,365.30598,0.36376,20,1.0,90900,363600,0.0,-100.0,123.0,-100.0,0.0,20
1319,2679256,669814,-100.0,0.0,1356,339,339,21,348,174,381948,365.687928,0.381948,21,1.0,95445,381780,0.0,-100.0,123.0,-100.0,0.0,21
1320,2679488,669872,-100.0,0.0,1280,320,320,21,374,187,381948,366.069876,0.381948,21,1.0,95445,381780,0.0,-100.0,123.0,-100.0,0.0,21
1321,2811720,702930,-100.0,0.0,1576,394,394,22,406,203,400136,366.470012,0.400136,22,1.0,99990,399960,0.0,-100.0,123.0,-100.0,0.0,22
1322,2936640,734160,-100.0,0.0,1576,394,394,23,432,216,418324,366.888336,0.418324,23,1.0,104535,418140,0.0,-100.0,123.0,-100.0,0.0,23
1323,3071088,767772,-100.0,0.0,1612,403,403,24,418,209,436512,367.324848,0.436512,24,1.0,109080,436320,0.0,-100.0,123.0,-100.0,0.0,24
1324,3328656,832164,-100.0,0.0,1912,478,478,26,522,261,472888,367.797736,0.472888,26,1.0,118170,472680,0.0,-100.0,123.0,-100.0,0.0,26
1325,3483536,870884,-100.0,0.0,2184,546,546,27,566,283,491076,368.288812,0.491076,27,1.0,122715,490860,0.0,-100.0,123.0,-100.0,0.0,27
1326,3753064,938266,-100.0,0.0,2600,650,650,29,700,350,527452,368.816264,0.527452,29,1.0,131805,527220,0.0,-100.0,123.0,-100.0,0.0,29
1327,3644696,911174,-100.0,0.0,2632,658,658,28,658,329,509264,369.325528,0.509264,28,1.0,127260,509040,0.0,-100.0,123.0,-100.0,0.0,28
1328,3790928,947732,-100.0,0.0,2780,695,695,29,722,361,527452,369.85298,0.527452,29,1.0,131805,527220,0.0,-100.0,123.0,-100.0,0.0,29
1329,3551032,887758,-100.0,0.0,2680,670,670,27,670,335,491076,370.344056,0.491076,27,1.0,122715,490860,0.0,-100.0,123.0,-100.0,0.0,27
1330,3290024,822506,-100.0,0.0,2208,552,552,25,552,276,454700,370.798756,0.4547,25,1.0,113625,454500,0.0,-100.0,123.0,-100.0,0.0,25
1331,3173824,793456,-100.0,0.0,2048,512,512,24,512,256,436512,371.235268,0.436512,24,1.0,109080,436320,0.0,-100.0,123.0,-100.0,0.0,24
1332,3046656,761664,-100.0,0.0,1864,466,466,23,466,233,418324,371.653592,0.418324,23,1.0,104535,418140,0.0,-100.0,123.0,-100.0,0.0,23
1333,3044864,761216,-100.0,0.0,1888,472,472,23,472,236,418324,372.071916,0.418324,23,1.0,104535,418140,0.0,-100.0,123.0,-100.0,0.0,23
1334,2955888,738972,-100.0,0.0,1784,446,446,22,446,223,400136,372.472052,0.400136,22,1.0,99990,399960,0.0,-100.0,123.0,-100.0,0.0,22
1335,2962064,740516,-100.0,0.0,1792,448,448,22,448,224,400136,372.872188,0.400136,22,1.0,99990,399960,0.0,-100.0,123.0,-100.0,0.0,22
1336,2990416,747604,-100.0,0.0,1792,448,448,22,448,224,400136,373.272324,0.400136,22,1.0,99990,399960,0.0,-100.0,123.0,-100.0,0.0,22
1337,2855128,713782,-100.0,0.0,1624,406,406,21,406,203,381948,373.654272,0.381948,21,1.0,95445,381780,0.0,-100.0,123.0,-100.0,0.0,21
1338,2855328,713832,-100.0,0.0,1608,402,402,21,402,201,381948,374.03622,0.381948,21,1.0,95445,381780,0.0,-100.0,123.0,-100.0,0.0,21
1339,2720416,680104,-100.0,0.0,1448,362,362,20,362,181,363760,374.39998,0.36376,20,1.0,90900,363600,0.0,-100.0,123.0,-100.0,0.0,20
1340,2603224,650806,-100.0,0.0,1272,318,318,19,318,159,345572,374.745552,0.345572,19,1.0,86355,345420,0.0,-100.0,123.0,-100.0,0.0,19
1341,2477040,619260,-100.0,0.0,1112,278,278,18,278,139,327384,375.072936,0.327384,18,1.0,81810,327240,0.0,-100.0,123.0,-100.0,0.0,18
1342,2203000,550750,-100.0,0.0,824,206,206,16,206,103,291008,375.363944,0.291008,16,1.0,72720,290880,0.0,-100.0,123.0,-100.0,0.0,16
1343,2073048,518262,-100.0,0.0,720,180,180,15,180,90,272820,375.636764,0.27282,15,1.0,68175,272700,0.0,-100.0,123.0,-100.0,0.0,15
1344,1799808,449952,-100.0,0.0,472,118,118,13,118,59,236444,375.873208,0.236444,13,1.0,59085,236340,0.0,-100.0,123.0,-100.0,0.0,13
1345,1800136,450034,-100.0,0.0,432,108,108,13,108,54,236444,376.109652,0.236444,13,1.0,59085,236340,0.0,-100.0,123.0,-100.0,0.0,13
1346,1384720,346180,-100.0,0.0,296,74,74,10,74,37,181880,376.291532,0.18188,10,1.0,45450,181800,0.0,-100.0,123.0,-100.0,0.0,10
1347,1107784,276946,-100.0,0.0,224,56,56,8,56,28,145504,376.437036,0.145504,8,1.0,36360,145440,0.0,-100.0,123.0,-100.0,0.0,8
1348,969312,242328,-100.0,0.0,160,40,40,7,40,20,127316,376.564352,0.127316,7,1.0,31815,127260,0.0,-100.0,123.0,-100.0,0.0,7
1349,830880,207720,-100.0,0.0,92,23,23,6,26,13,109128,376.67348,0.109128,6,1.0,27270,109080,0.0,-100.0,123.0,-100.0,0.0,6
1350,692472,173118,-100.0,0.0,64,16,16,5,16,8,90940,376.76442,0.09094,5,1.0,22725,90900,0.0,-100.0,123.0,-100.0,0.0,5
1351,553984,138496,-100.0,0.0,32,8,8,4,8,4,72752,376.837172,0.072752,4,1.0,18180,72720,0.0,-100.0,123.0,-100.0,0.0,4
1352,277008,69252,-100.0,0.0,8,2,2,2,2,1,36376,376.873548,0.036376,2,1.0,9090,36360,0.0,-100.0,123.0,-100.0,0.0,2
1353,415512,103878,-100.0,0.0,16,4,4,3,4,2,54564,376.928112,0.054564,3,1.0,13635,54540,0.0,-100.0,123.0,-100.0,0.0,3
1354,277480,69370,-100.0,0.0,8,2,2,2,2,1,36376,376.964488,0.036376,2,1.0,9090,36360,0.0,-100.0,123.0,-100.0,0.0,2
1355,277952,69488,-100.0,0.0,8,2,2,2,2,1,36376,377.000864,0.036376,2,1.0,9090,36360,0.0,-100.0,123.0,-100.0,0.0,2
1356,277952,69488,-100.0,0.0,8,2,2,2,2,1,36376,377.03724,0.036376,2,1.0,9090,36360,0.0,-100.0,123.0,-100.0,0.0,2
1357,138976,34744,-100.0,0.0,4,1,1,1,2,1,18188,377.055428,0.018188,1,1.0,4545,18180,0.0,-100.0,123.0,-100.0,0.0,1
1358,416928,104232,-100.0,0.0,16,4,4,3,8,4,54564,377.109992,0.054564,3,1.0,13635,54540,0.0,-100.0,123.0,-100.0,0.0,3
1359,417568,104392,-100.0,0.0,24,6,6,3,6,3,54564,377.164556,0.054564,3,1.0,13635,54540,0.0,-100.0,123.0,-100.0,0.0,3
1360,418848,104712,-100.0,0.0,24,6,6,3,6,3,54564,377.21912,0.054564,3,1.0,13635,54540,0.0,-100.0,123.0,-100.0,0.0,3
1361,418848,104712,-100.0,0.0,24,6,6,3,6,3,54564,377.273684,0.054564,3,1.0,13635,54540,0.0,-100.0,123.0,-100.0,0.0,3
1362,559688,139922,-100.0,0.0,36,9,9,4,12,6,72752,377.346436,0.072752,4,1.0,18180,72720,0.0,-100.0,123.0,-100.0,0.0,4
1363,560368,140092,-100.0,0.0,32,8,8,4,8,4,72752,377.419188,0.072752,4,1.0,18180,72720,0.0,-100.0,123.0,-100.0,0.0,4
1364,560888,140222,-100.0,0.0,48,12,12,4,12,6,72752,377.49194,0.072752,4,1.0,18180,72720,0.0,-100.0,123.0,-100.0,0.0,4
1365,561152,140288,-100.0,0.0,48,12,12,4,12,6,72752,377.564692,0.072752,4,1.0,18180,72720,0.0,-100.0,123.0,-100.0,0.0,4
1366,701440,175360,-100.0,0.0,56,14,14,5,18,9,90940,377.655632,0.09094,5,1.0,22725,90900,0.0,-100.0,123.0,-100.0,0.0,5
1367,701440,175360,-100.0,0.0,72,18,18,5,18,9,90940,377.746572,0.09094,5,1.0,22725,90900,0.0,-100.0,123.0,-100.0,0.0,5
1368,701440,175360,-100.0,0.0,72,18,18,5,18,9,90940,377.837512,0.09094,5,1.0,22725,90900,0.0,-100.0,123.0,-100.0,0.0,5
1369,701440,175360,-100.0,0.0,72,18,18,5,18,9,90940,377.928452,0.09094,5,1.0,22725,90900,0.0,-100.0,123.0,-100.0,0.0,5
1370,841728,210432,-100.0,0.0,96,24,24,6,24,12,109128,378.03758,0.109128,6,1.0,27270,109080,0.0,-100.0,123.0,-100.0,0.0,6
1371,701440,175360,-100.0,0.0,72,18,18,5,18,9,90940,378.12852,0.09094,5,1.0,22725,90900,0.0,-100.0,123.0,-100.0,0.0,5
1372,701440,175360,-100.0,0.0,72,18,18,5,18,9,90940,378.21946,0.09094,5,1.0,22725,90900,0.0,-100.0,123.0,-100.0,0.0,5
1373,701440,175360,-100.0,0.0,80,20,20,5,20,10,90940,378.3104,0.09094,5,1.0,22725,90900,0.0,-100.0,123.0,-100.0,0.0,5
1374,841728,210432,-100.0,0.0,120,30,30,6,30,15,109128,378.419528,0.109128,6,1.0,27270,109080,0.0,-100.0,123.0,-100.0,0.0,6
1375,701520,175380,-100.0,0.0,72,18,18,5,18,9,90940,378.510468,0.09094,5,1.0,22725,90900,0.0,-100.0,123.0,-100.0,0.0,5
1376,701640,175410,-100.0,0.0,80,20,20,5,20,10,90940,378.601408,0.09094,5,1.0,22725,90900,0.0,-100.0,123.0,-100.0,0.0,5
1377,702024,175506,-100.0,0.0,80,20,20,5,20,10,90940,378.692348,0.09094,5,1.0,22725,90900,0.0,-100.0,123.0,-100.0,0.0,5
1378,703008,175752,-100.0,0.0,80,20,20,5,20,10,90940,378.783288,0.09094,5,1.0,22725,90900,0.0,-100.0,123.0,-100.0,0.0,5
1379,562528,140632,-100.0,0.0,48,12,12,4,12,6,72752,378.85604,0.072752,4,1.0,18180,72720,0.0,-100.0,123.0,-100.0,0.0,4
1380,562528,140632,-100.0,0.0,48,12,12,4,12,6,72752,378.928792,0.072752,4,1.0,18180,72720,0.0,-100.0,123.0,-100.0,0.0,4
1381,562528,140632,-100.0,0.0,48,12,12,4,12,6,72752,379.001544,0.072752,4,1.0,18180,72720,0.0,-100.0,123.0,-100.0,0.0,4
1382,562528,140632,-100.0,0.0,48,12,12,4,12,6,72752,379.074296,0.072752,4,1.0,18180,72720,0.0,-100.0,123.0,-100.0,0.0,4
1383,562528,140632,-100.0,0.0,40,10,10,4,10,5,72752,379.147048,0.072752,4,1.0,18180,72720,0.0,-100.0,123.0,-100.0,0.0,4
1384,703160,175790,-100.0,0.0,48,12,12,5,20,10,90940,379.237988,0.09094,5,1.0,22725,90900,0.0,-100.0,123.0,-100.0,0.0,5
1385,703160,175790,-100.0,0.0,80,20,20,5,20,10,90940,379.328928,0.09094,5,1.0,22725,90900,0.0,-100.0,123.0,-100.0,0.0,5
1386,843792,210948,-100.0,0.0,92,23,23,6,28,14,109128,379.438056,0.109128,6,1.0,27270,109080,0.0,-100.0,123.0,-100.0,0.0,6
1387,843792,210948,-100.0,0.0,120,30,30,6,30,15,109128,379.547184,0.109128,6,1.0,27270,109080,0.0,-100.0,123.0,-100.0,0.0,6
1388,843792,210948,-100.0,0.0,112,28,28,6,28,14,109128,379.656312,0.109128,6,1.0,27270,109080,0.0,-100.0,123.0,-100.0,0.0,6
1389,843792,210948,-100.0,0.0,120,30,30,6,30,15,109128,379.76544,0.109128,6,1.0,27270,109080,0.0,-100.0,123.0,-100.0,0.0,6
1390,1125056,281264,-100.0,0.0,168,42,42,8,56,28,145504,379.910944,0.145504,8,1.0,36360,145440,0.0,-100.0,123.0,-100.0,0.0,8
1391,1265688,316422,-100.0,0.0,232,58,58,9,60,30,163692,380.074636,0.163692,9,1.0,40905,163620,0.0,-100.0,123.0,-100.0,0.0,9
1392,1125272,281318,-100.0,0.0,184,46,46,8,46,23,145504,380.22014,0.145504,8,1.0,36360,145440,0.0,-100.0,123.0,-100.0,0.0,8
1393,1408264,352066,-100.0,0.0,256,64,64,10,76,38,181880,380.40202,0.18188,10,1.0,45450,181800,0.0,-100.0,123.0,-100.0,0.0,10
1394,1408480,352120,-100.0,0.0,264,66,66,10,72,36,181880,380.5839,0.18188,10,1.0,45450,181800,0.0,-100.0,123.0,-100.0,0.0,10
1395,1831024,457756,-100.0,0.0,392,98,98,13,122,61,236444,380.820344,0.236444,13,1.0,59085,236340,0.0,-100.0,123.0,-100.0,0.0,13
1396,1831024,457756,-100.0,0.0,528,132,132,13,132,66,236444,381.056788,0.236444,13,1.0,59085,236340,0.0,-100.0,123.0,-100.0,0.0,13
1397,1973312,493328,-100.0,0.0,548,137,137,14,146,73,254632,381.31142,0.254632,14,1.0,63630,254520,0.0,-100.0,123.0,-100.0,0.0,14
1398,2114520,528630,-100.0,0.0,616,154,154,15,162,81,272820,381.58424,0.27282,15,1.0,68175,272700,0.0,-100.0,123.0,-100.0,0.0,15
1399,2114520,528630,-100.0,0.0,656,164,164,15,164,82,272820,381.85706,0.27282,15,1.0,68175,272700,0.0,-100.0,123.0,-100.0,0.0,15
1400,2114520,528630,-100.0,0.0,704,176,176,15,176,88,272820,382.12988,0.27282,15,1.0,68175,272700,0.0,-100.0,123.0,-100.0,0.0,15
1401,2396456,599114,-100.0,0.0,836,209,209,17,236,118,309196,382.439076,0.309196,17,1.0,77265,309060,0.0,-100.0,123.0,-100.0,0.0,17
1402,2255488,563872,-100.0,0.0,888,222,222,16,222,111,291008,382.730084,0.291008,16,1.0,72720,290880,0.0,-100.0,123.0,-100.0,0.0,16
1403,2396456,599114,-100.0,0.0,936,234,234,17,248,124,309196,383.03928,0.309196,17,1.0,77265,309060,0.0,-100.0,123.0,-100.0,0.0,17
1404,2257256,564314,-100.0,0.0,800,200,200,16,212,106,291008,383.330288,0.291008,16,1.0,72720,290880,0.0,-100.0,123.0,-100.0,0.0,16
1405,2398768,599692,-100.0,0.0,924,231,231,17,262,131,309196,383.639484,0.309196,17,1.0,77265,309060,0.0,-100.0,123.0,-100.0,0.0,17
1406,2398768,599692,-100.0,0.0,1064,266,266,17,266,133,309196,383.94868,0.309196,17,1.0,77265,309060,0.0,-100.0,123.0,-100.0,0.0,17
1407,2398768,599692,-100.0,0.0,1032,258,258,17,258,129,309196,384.257876,0.309196,17,1.0,77265,309060,0.0,-100.0,123.0,-100.0,0.0,17
1408,2398768,599692,-100.0,0.0,1040,260,260,17,260,130,309196,384.567072,0.309196,17,1.0,77265,309060,0.0,-100.0,123.0,-100.0,0.0,17
1409,2539872,634968,-100.0,0.0,1100,275,275,18,290,145,327384,384.894456,0.327384,18,1.0,81810,327240,0.0,-100.0,123.0,-100.0,0.0,18
1410,2963184,740796,-100.0,0.0,1312,328,328,21,382,191,381948,385.276404,0.381948,21,1.0,95445,381780,0.0,-100.0,123.0,-100.0,0.0,21
1411,3104288,776072,-100.0,0.0,1612,403,403,22,422,211,400136,385.67654,0.400136,22,1.0,99990,399960,0.0,-100.0,123.0,-100.0,0.0,22
1412,3104288,776072,-100.0,0.0,1640,410,410,22,410,205,400136,386.076676,0.400136,22,1.0,99990,399960,0.0,-100.0,123.0,-100.0,0.0,22
1413,3386496,846624,-100.0,0.0,1828,457,457,24,500,250,436512,386.513188,0.436512,24,1.0,109080,436320,0.0,-100.0,123.0,-100.0,0.0,24
1414,3386600,846650,-100.0,0.0,1852,463,463,24,478,239,436512,386.9497,0.436512,24,1.0,109080,436320,0.0,-100.0,123.0,-100.0,0.0,24
1415,3104512,776128,-100.0,0.0,1604,401,401,22,422,211,400136,387.349836,0.400136,22,1.0,99990,399960,0.0,-100.0,123.0,-100.0,0.0,22
1416,3106080,776520,-100.0,0.0,1648,412,412,22,412,206,400136,387.749972,0.400136,22,1.0,99990,399960,0.0,-100.0,123.0,-100.0,0.0,22
1417,2965848,741462,-100.0,0.0,1568,392,392,21,392,196,381948,388.13192,0.381948,21,1.0,95445,381780,0.0,-100.0,123.0,-100.0,0.0,21
1418,2826720,706680,-100.0,0.0,1416,354,354,20,354,177,363760,388.49568,0.36376,20,1.0,90900,363600,0.0,-100.0,123.0,-100.0,0.0,20
1419,2827840,706960,-100.0,0.0,1344,336,336,20,336,168,363760,388.85944,0.36376,20,1.0,90900,363600,0.0,-100.0,123.0,-100.0,0.0,20
1420,2686448,671612,-100.0,0.0,1240,310,310,19,310,155,345572,389.205012,0.345572,19,1.0,86355,345420,0.0,-100.0,123.0,-100.0,0.0,19
1421,2827840,706960,-100.0,0.0,1316,329,329,20,348,174,363760,389.568772,0.36376,20,1.0,90900,363600,0.0,-100.0,123.0,-100.0,0.0,20
1422,2687312,671828,-100.0,0.0,1328,332,332,19,332,166,345572,389.914344,0.345572,19,1.0,86355,345420,0.0,-100.0,123.0,-100.0,0.0,19
1423,2687792,671948,-100.0,0.0,1336,334,334,19,334,167,345572,390.259916,0.345572,19,1.0,86355,345420,0.0,-100.0,123.0,-100.0,0.0,19
1424,2689640,672410,-100.0,0.0,1296,324,324,19,324,162,345572,390.605488,0.345572,19,1.0,86355,345420,0.0,-100.0,123.0,-100.0,0.0,19
1425,2407320,601830,-100.0,0.0,1080,270,270,17,270,135,309196,390.914684,0.309196,17,1.0,77265,309060,0.0,-100.0,123.0,-100.0,0.0,17
1426,2269120,567280,-100.0,0.0,936,234,234,16,234,117,291008,391.205692,0.291008,16,1.0,72720,290880,0.0,-100.0,123.0,-100.0,0.0,16
1427,2128240,532060,-100.0,0.0,776,194,194,15,194,97,272820,391.478512,0.27282,15,1.0,68175,272700,0.0,-100.0,123.0,-100.0,0.0,15
1428,1988448,497112,-100.0,0.0,672,168,168,14,168,84,254632,391.733144,0.254632,14,1.0,63630,254520,0.0,-100.0,123.0,-100.0,0.0,14
1429,1847136,461784,-100.0,0.0,536,134,134,13,134,67,236444,391.969588,0.236444,13,1.0,59085,236340,0.0,-100.0,123.0,-100.0,0.0,13
1430,1714136,428534,-100.0,0.0,464,116,116,12,116,58,218256,392.187844,0.218256,12,1.0,54540,218160,0.0,-100.0,123.0,-100.0,0.0,12
1431,1572824,393206,-100.0,0.0,400,100,100,11,100,50,200068,392.387912,0.200068,11,1.0,49995,199980,0.0,-100.0,123.0,-100.0,0.0,11
1432,1573176,393294,-100.0,0.0,384,96,96,11,96,48,200068,392.58798,0.200068,11,1.0,49995,199980,0.0,-100.0,123.0,-100.0,0.0,11
1433,1430648,357662,-100.0,0.0,336,84,84,10,84,42,181880,392.76986,0.18188,10,1.0,45450,181800,0.0,-100.0,123.0,-100.0,0.0,10
1434,1144576,286144,-100.0,0.0,208,52,52,8,52,26,145504,392.915364,0.145504,8,1.0,36360,145440,0.0,-100.0,123.0,-100.0,0.0,8
1435,1145200,286300,-100.0,0.0,192,48,48,8,48,24,145504,393.060868,0.145504,8,1.0,36360,145440,0.0,-100.0,123.0,-100.0,0.0,8
1436,1145224,286306,-100.0,0.0,148,37,37,8,42,21,145504,393.206372,0.145504,8,1.0,36360,145440,0.0,-100.0,123.0,-100.0,0.0,8
1437,1146344,286586,-100.0,0.0,160,40,40,8,40,20,145504,393.351876,0.145504,8,1.0,36360,145440,0.0,-100.0,123.0,-100.0,0.0,8
1438,1146512,286628,-100.0,0.0,160,40,40,8,46,23,145504,393.49738,0.145504,8,1.0,36360,145440,0.0,-100.0,123.0,-100.0,0.0,8
1439,1290136,322534,-100.0,0.0,184,46,46,9,52,26,163692,393.661072,0.163692,9,1.0,40905,163620,0.0,-100.0,123.0,-100.0,0.0,9
1440,1434632,358658,-100.0,0.0,188,47,47,10,48,24,181880,393.842952,0.18188,10,1.0,45450,181800,0.0,-100.0,123.0,-100.0,0.0,10
1441,1295720,323930,-100.0,0.0,168,42,42,9,42,21,163692,394.006644,0.163692,9,1.0,40905,163620,0.0,-100.0,123.0,-100.0,0.0,9
1442,1296288,324072,-100.0,0.0,224,56,56,9,56,28,163692,394.170336,0.163692,9,1.0,40905,163620,0.0,-100.0,123.0,-100.0,0.0,9
1443,1440320,360080,-100.0,0.0,216,54,54,10,60,30,181880,394.352216,0.18188,10,1.0,45450,181800,0.0,-100.0,123.0,-100.0,0.0,10
1444,1296288,324072,-100.0,0.0,248,62,62,9,62,31,163692,394.515908,0.163692,9,1.0,40905,163620,0.0,-100.0,123.0,-100.0,0.0,9
1445,1588048,397012,-100.0,0.0,248,62,62,11,72,36,200068,394.715976,0.200068,11,1.0,49995,199980,0.0,-100.0,123.0,-100.0,0.0,11
1446,1591528,397882,-100.0,0.0,324,81,81,11,88,44,200068,394.916044,0.200068,11,1.0,49995,199980,0.0,-100.0,123.0,-100.0,0.0,11
1447,1736736,434184,-100.0,0.0,412,103,103,12,114,57,218256,395.1343,0.218256,12,1.0,54540,218160,0.0,-100.0,123.0,-100.0,0.0,12
1448,1741136,435284,-100.0,0.0,464,116,116,12,116,58,218256,395.352556,0.218256,12,1.0,54540,218160,0.0,-100.0,123.0,-100.0,0.0,12
1449,2032352,508088,-100.0,0.0,540,135,135,14,158,79,254632,395.607188,0.254632,14,1.0,63630,254520,0.0,-100.0,123.0,-100.0,0.0,14
1450,2034640,508660,-100.0,0.0,624,156,156,14,156,78,254632,395.86182,0.254632,14,1.0,63630,254520,0.0,-100.0,123.0,-100.0,0.0,14
1451,2180240,545060,-100.0,0.0,672,168,168,15,182,91,272820,396.13464,0.27282,15,1.0,68175,272700,0.0,-100.0,123.0,-100.0,0.0,15
1452,2325632,581408,-100.0,0.0,756,189,189,16,200,100,291008,396.425648,0.291008,16,1.0,72720,290880,0.0,-100.0,123.0,-100.0,0.0,16
1453,2470984,617746,-100.0,0.0,856,214,214,17,230,115,309196,396.734844,0.309196,17,1.0,77265,309060,0.0,-100.0,123.0,-100.0,0.0,17
1454,2327536,581884,-100.0,0.0,784,196,196,16,196,98,291008,397.025852,0.291008,16,1.0,72720,290880,0.0,-100.0,123.0,-100.0,0.0,16
1455,2475608,618902,-100.0,0.0,856,214,214,17,230,115,309196,397.335048,0.309196,17,1.0,77265,309060,0.0,-100.0,123.0,-100.0,0.0,17
1456,2475608,618902,-100.0,0.0,848,212,212,17,224,112,309196,397.644244,0.309196,17,1.0,77265,309060,0.0,-100.0,123.0,-100.0,0.0,17
1457,2621232,655308,-100.0,0.0,996,249,249,18,266,133,327384,397.971628,0.327384,18,1.0,81810,327240,0.0,-100.0,123.0,-100.0,0.0,18
1458,2622432,655608,-100.0,0.0,1032,258,258,18,258,129,327384,398.299012,0.327384,18,1.0,81810,327240,0.0,-100.0,123.0,-100.0,0.0,18
1459,2621240,655310,-100.0,0.0,1020,255,255,18,266,133,327384,398.626396,0.327384,18,1.0,81810,327240,0.0,-100.0,123.0,-100.0,0.0,18
1460,2912696,728174,-100.0,0.0,1144,286,286,20,306,153,363760,398.990156,0.36376,20,1.0,90900,363600,0.0,-100.0,123.0,-100.0,0.0,20
1461,2621488,655372,-100.0,0.0,1080,270,270,18,270,135,327384,399.31754,0.327384,18,1.0,81810,327240,0.0,-100.0,123.0,-100.0,0.0,18
1462,2924808,731202,-100.0,0.0,1112,278,278,20,296,148,363760,399.6813,0.36376,20,1.0,90900,363600,0.0,-100.0,123.0,-100.0,0.0,20
1463,2642664,660666,-100.0,0.0,1012,253,253,18,254,127,327384,400.008684,0.327384,18,1.0,81810,327240,0.0,-100.0,123.0,-100.0,0.0,18
1464,2796648,699162,-100.0,0.0,960,240,240,19,240,120,345572,400.354256,0.345572,19,1.0,86355,345420,0.0,-100.0,123.0,-100.0,0.0,19
1465,2798160,699540,-100.0,0.0,944,236,236,19,236,118,345572,400.699828,0.345572,19,1.0,86355,345420,0.0,-100.0,123.0,-100.0,0.0,19
1466,2950368,737592,-100.0,0.0,956,239,239,20,252,126,363760,401.063588,0.36376,20,1.0,90900,363600,0.0,-100.0,123.0,-100.0,0.0,20
1467,2960032,740008,-100.0,0.0,1016,254,254,20,268,134,363760,401.427348,0.36376,20,1.0,90900,363600,0.0,-100.0,123.0,-100.0,0.0,20
1468,2961048,740262,-100.0,0.0,1168,292,292,20,308,154,363760,401.791108,0.36376,20,1.0,90900,363600,0.0,-100.0,123.0,-100.0,0.0,20
1469,3113440,778360,-100.0,0.0,1332,333,333,21,352,176,381948,402.173056,0.381948,21,1.0,95445,381780,0.0,-100.0,123.0,-100.0,0.0,21
1470,3288272,822068,-100.0,0.0,1460,365,365,22,384,192,400136,402.573192,0.400136,22,1.0,99990,399960,0.0,-100.0,123.0,-100.0,0.0,22
1471,3145232,786308,-100.0,0.0,1576,394,394,21,394,197,381948,402.95514,0.381948,21,1.0,95445,381780,0.0,-100.0,123.0,-100.0,0.0,21
1472,3450736,862684,-100.0,0.0,1676,419,419,23,460,230,418324,403.373464,0.418324,23,1.0,104535,418140,0.0,-100.0,123.0,-100.0,0.0,23
1473,3450736,862684,-100.0,0.0,1920,480,480,23,480,240,418324,403.791788,0.418324,23,1.0,104535,418140,0.0,-100.0,123.0,-100.0,0.0,23
1474,3600768,900192,-100.0,0.0,1984,496,496,24,518,259,436512,404.2283,0.436512,24,1.0,109080,436320,0.0,-100.0,123.0,-100.0,0.0,24
1475,3903328,975832,-100.0,0.0,2372,593,593,26,616,308,472888,404.701188,0.472888,26,1.0,118170,472680,0.0,-100.0,123.0,-100.0,0.0,26
1476,3900832,975208,-100.0,0.0,2472,618,618,26,618,309,472888,405.174076,0.472888,26,1.0,118170,472680,0.0,-100.0,123.0,-100.0,0.0,26
1477,4201304,1050326,-100.0,0.0,2484,621,621,28,646,323,509264,405.68334,0.509264,28,1.0,127260,509040,0.0,-100.0,123.0,-100.0,0.0,28
1478,4061568,1015392,-100.0,0.0,2400,600,600,27,600,300,491076,406.174416,0.491076,27,1.0,122715,490860,0.0,-100.0,123.0,-100.0,0.0,27
1479,4223576,1055894,-100.0,0.0,2528,632,632,28,656,328,509264,406.68368,0.509264,28,1.0,127260,509040,0.0,-100.0,123.0,-100.0,0.0,28
1480,4394912,1098728,-100.0,0.0,2708,677,677,29,702,351,527452,407.211132,0.527452,29,1.0,131805,527220,0.0,-100.0,123.0,-100.0,0.0,29
1481,4244800,1061200,-100.0,0.0,2792,698,698,28,698,349,509264,407.720396,0.509264,28,1.0,127260,509040,0.0,-100.0,123.0,-100.0,0.0,28
1482,4252728,1063182,-100.0,0.0,2744,686,686,28,686,343,509264,408.22966,0.509264,28,1.0,127260,509040,0.0,-100.0,123.0,-100.0,0.0,28
1483,4410248,1102562,-100.0,0.0,2872,718,718,29,744,372,527452,408.757112,0.527452,29,1.0,131805,527220,0.0,-100.0,123.0,-100.0,0.0,29
1484,4446152,1111538,-100.0,0.0,3160,790,790,29,790,395,527452,409.284564,0.527452,29,1.0,131805,527220,0.0,-100.0,123.0,-100.0,0.0,29
1485,4450528,1112632,-100.0,0.0,2936,734,734,29,734,367,527452,409.812016,0.527452,29,1.0,131805,527220,0.0,-100.0,123.0,-100.0,0.0,29
1486,4308984,1077246,-100.0,0.0,2760,690,690,28,690,345,509264,410.32128,0.509264,28,1.0,127260,509040,0.0,-100.0,123.0,-100.0,0.0,28
1487,4178576,1044644,-100.0,0.0,2216,554,554,26,566,283,472888,410.794168,0.472888,26,1.0,118170,472680,0.0,-100.0,123.0,-100.0,0.0,26
1488,4507552,1126888,-100.0,0.0,2484,621,621,28,656,328,509264,411.303432,0.509264,28,1.0,127260,509040,0.0,-100.0,123.0,-100.0,0.0,28
1489,4668536,1167134,-100.0,0.0,2760,690,690,29,700,350,527452,411.830884,0.527452,29,1.0,131805,527220,0.0,-100.0,123.0,-100.0,0.0,29
1490,4668536,1167134,-100.0,0.0,2640,660,660,29,674,337,527452,412.358336,0.527452,29,1.0,131805,527220,0.0,-100.0,123.0,-100.0,0.0,29
1491,4990504,1247626,-100.0,0.0,2568,642,642,31,690,345,563828,412.922164,0.563828,31,1.0,140895,563580,0.0,-100.0,123.0,-100.0,0.0,31
1492,4508416,1127104,-100.0,0.0,2128,532,532,28,532,266,509264,413.431428,0.509264,28,1.0,127260,509040,0.0,-100.0,123.0,-100.0,0.0,28
1493,4671120,1167780,-100.0,0.0,2392,598,598,29,608,304,527452,413.95888,0.527452,29,1.0,131805,527220,0.0,-100.0,123.0,-100.0,0.0,29
1494,4517576,1129394,-100.0,0.0,2360,590,590,28,590,295,509264,414.468144,0.509264,28,1.0,127260,509040,0.0,-100.0,123.0,-100.0,0.0,28
1495,4521296,1130324,-100.0,0.0,2340,585,585,28,600,300,509264,414.977408,0.509264,28,1.0,127260,509040,0.0,-100.0,123.0,-100.0,0.0,28
1496,4360640,1090160,-100.0,0.0,2312,578,578,27,578,289,491076,415.468484,0.491076,27,1.0,122715,490860,0.0,-100.0,123.0,-100.0,0.0,27
1497,4696608,1174152,-100.0,0.0,2656,664,664,29,696,348,527452,415.995936,0.527452,29,1.0,131805,527220,0.0,-100.0,123.0,-100.0,0.0,29
1498,4535264,1133816,-100.0,0.0,2608,652,652,28,652,326,509264,416.5052,0.509264,28,1.0,127260,509040,0.0,-100.0,123.0,-100.0,0.0,28
1499,4374176,1093544,-100.0,0.0,2432,608,608,27,608,304,491076,416.996276,0.491076,27,1.0,122715,490860,0.0,-100.0,123.0,-100.0,0.0,27
1500,4214816,1053704,-100.0,0.0,2200,550,550,26,550,275,472888,417.469164,0.472888,26,1.0,118170,472680,0.0,-100.0,123.0,-100.0,0.0,26
1501,4218176,1054544,-100.0,0.0,2360,590,590,26,590,295,472888,417.942052,0.472888,26,1.0,118170,472680,0.0,-100.0,123.0,-100.0,0.0,26
1502,3893784,973446,-100.0,0.0,2040,510,510,24,510,255,436512,418.378564,0.436512,24,1.0,109080,436320,0.0,-100.0,123.0,-100.0,0.0,24
1503,3894144,973536,-100.0,0.0,2080,520,520,24,520,260,436512,418.815076,0.436512,24,1.0,109080,436320,0.0,-100.0,123.0,-100.0,0.0,24
1504,3731888,932972,-100.0,0.0,1888,472,472,23,472,236,418324,419.2334,0.418324,23,1.0,104535,418140,0.0,-100.0,123.0,-100.0,0.0,23
1505,3731912,932978,-100.0,0.0,1952,488,488,23,488,244,418324,419.651724,0.418324,23,1.0,104535,418140,0.0,-100.0,123.0,-100.0,0.0,23
1506,3732056,933014,-100.0,0.0,1952,488,488,23,488,244,418324,420.070048,0.418324,23,1.0,104535,418140,0.0,-100.0,123.0,-100.0,0.0,23
1507,3569984,892496,-100.0,0.0,1784,446,446,22,446,223,400136,420.470184,0.400136,22,1.0,99990,399960,0.0,-100.0,123.0,-100.0,0.0,22
1508,3732256,933064,-100.0,0.0,1796,449,449,23,460,230,418324,420.888508,0.418324,23,1.0,104535,418140,0.0,-100.0,123.0,-100.0,0.0,23
1509,3732256,933064,-100.0,0.0,1800,450,450,23,450,225,418324,421.306832,0.418324,23,1.0,104535,418140,0.0,-100.0,123.0,-100.0,0.0,23
1510,3569984,892496,-100.0,0.0,1624,406,406,22,406,203,400136,421.706968,0.400136,22,1.0,99990,399960,0.0,-100.0,123.0,-100.0,0.0,22
1511,3569984,892496,-100.0,0.0,1696,424,424,22,424,212,400136,422.107104,0.400136,22,1.0,99990,399960,0.0,-100.0,123.0,-100.0,0.0,22
1512,3570104,892526,-100.0,0.0,1688,422,422,22,422,211,400136,422.50724,0.400136,22,1.0,99990,399960,0.0,-100.0,123.0,-100.0,0.0,22
1513,3410112,852528,-100.0,0.0,1672,418,418,21,418,209,381948,422.889188,0.381948,21,1.0,95445,381780,0.0,-100.0,123.0,-100.0,0.0,21
1514,3410232,852558,-100.0,0.0,1680,420,420,21,420,210,381948,423.271136,0.381948,21,1.0,95445,381780,0.0,-100.0,123.0,-100.0,0.0,21
1515,3410232,852558,-100.0,0.0,1680,420,420,21,420,210,381948,423.653084,0.381948,21,1.0,95445,381780,0.0,-100.0,123.0,-100.0,0.0,21
1516,3247840,811960,-100.0,0.0,1496,374,374,20,374,187,363760,424.016844,0.36376,20,1.0,90900,363600,0.0,-100.0,123.0,-100.0,0.0,20
1517,3085448,771362,-100.0,0.0,1304,326,326,19,326,163,345572,424.362416,0.345572,19,1.0,86355,345420,0.0,-100.0,123.0,-100.0,0.0,19
1518,3085448,771362,-100.0,0.0,1272,318,318,19,318,159,345572,424.707988,0.345572,19,1.0,86355,345420,0.0,-100.0,123.0,-100.0,0.0,19
1519,3247840,811960,-100.0,0.0,1268,317,317,20,336,168,363760,425.071748,0.36376,20,1.0,90900,363600,0.0,-100.0,123.0,-100.0,0.0,20
1520,2923056,730764,-100.0,0.0,1112,278,278,18,278,139,327384,425.399132,0.327384,18,1.0,81810,327240,0.0,-100.0,123.0,-100.0,0.0,18
1521,2923056,730764,-100.0,0.0,1156,289,289,18,306,153,327384,425.726516,0.327384,18,1.0,81810,327240,0.0,-100.0,123.0,-100.0,0.0,18
1522,2923056,730764,-100.0,0.0,1192,298,298,18,298,149,327384,426.0539,0.327384,18,1.0,81810,327240,0.0,-100.0,123.0,-100.0,0.0,18
1523,3085448,771362,-100.0,0.0,1224,306,306,19,324,162,345572,426.399472,0.345572,19,1.0,86355,345420,0.0,-100.0,123.0,-100.0,0.0,19
1524,3085448,771362,-100.0,0.0,1200,300,300,19,300,150,345572,426.745044,0.345572,19,1.0,86355,345420,0.0,-100.0,123.0,-100.0,0.0,19
1525,3247840,811960,-100.0,0.0,1236,309,309,20,328,164,363760,427.108804,0.36376,20,1.0,90900,363600,0.0,-100.0,123.0,-100.0,0.0,20
1526,3247840,811960,-100.0,0.0,1256,314,314,20,314,157,363760,427.472564,0.36376,20,1.0,90900,363600,0.0,-100.0,123.0,-100.0,0.0,20
1527,3410232,852558,-100.0,0.0,1408,352,352,21,372,186,381948,427.854512,0.381948,21,1.0,95445,381780,0.0,-100.0,123.0,-100.0,0.0,21
1528,3247840,811960,-100.0,0.0,1296,324,324,20,324,162,363760,428.218272,0.36376,20,1.0,90900,363600,0.0,-100.0,123.0,-100.0,0.0,20
1529,3247840,811960,-100.0,0.0,1260,315,315,20,334,167,363760,428.582032,0.36376,20,1.0,90900,363600,0.0,-100.0,123.0,-100.0,0.0,20
1530,3247840,811960,-100.0,0.0,1312,328,328,20,328,164,363760,428.945792,0.36376,20,1.0,90900,363600,0.0,-100.0,123.0,-100.0,0.0,20
1531,3410232,852558,-100.0,0.0,1408,352,352,21,372,186,381948,429.32774,0.381948,21,1.0,95445,381780,0.0,-100.0,123.0,-100.0,0.0,21
1532,3410232,852558,-100.0,0.0,1472,368,368,21,368,184,381948,429.709688,0.381948,21,1.0,95445,381780,0.0,-100.0,123.0,-100.0,0.0,21
1533,3572624,893156,-100.0,0.0,1564,391,391,22,412,206,400136,430.109824,0.400136,22,1.0,99990,399960,0.0,-100.0,123.0,-100.0,0.0,22
1534,3572624,893156,-100.0,0.0,1648,412,412,22,412,206,400136,430.50996,0.400136,22,1.0,99990,399960,0.0,-100.0,123.0,-100.0,0.0,22
1535,3572624,893156,-100.0,0.0,1616,404,404,22,404,202,400136,430.910096,0.400136,22,1.0,99990,399960,0.0,-100.0,123.0,-100.0,0.0,22
1536,3410232,852558,-100.0,0.0,1456,364,364,21,364,182,381948,431.292044,0.381948,21,1.0,95445,381780,0.0,-100.0,123.0,-100.0,0.0,21
1537,3410232,852558,-100.0,0.0,1504,376,376,21,376,188,381948,431.673992,0.381948,21,1.0,95445,381780,0.0,-100.0,123.0,-100.0,0.0,21
1538,3410232,852558,-100.0,0.0,1504,376,376,21,376,188,381948,432.05594,0.381948,21,1.0,95445,381780,0.0,-100.0,123.0,-100.0,0.0,21
1539,3410232,852558,-100.0,0.0,1632,408,408,21,408,204,381948,432.437888,0.381948,21,1.0,95445,381780,0.0,-100.0,123.0,-100.0,0.0,21
1540,3410232,852558,-100.0,0.0,1648,412,412,21,412,206,381948,432.819836,0.381948,21,1.0,95445,381780,0.0,-100.0,123.0,-100.0,0.0,21
1541,3410232,852558,-100.0,0.0,1664,416,416,21,416,208,381948,433.201784,0.381948,21,1.0,95445,381780,0.0,-100.0,123.0,-100.0,0.0,21
1542,3410232,852558,-100.0,0.0,1680,420,420,21,420,210,381948,433.583732,0.381948,21,1.0,95445,381780,0.0,-100.0,123.0,-100.0,0.0,21
1543,3410232,852558,-100.0,0.0,1680,420,420,21,420,210,381948,433.96568,0.381948,21,1.0,95445,381780,0.0,-100.0,123.0,-100.0,0.0,21
1544,3247840,811960,-100.0,0.0,1520,380,380,20,380,190,363760,434.32944,0.36376,20,1.0,90900,363600,0.0,-100.0,123.0,-100.0,0.0,20
1545,3085448,771362,-100.0,0.0,1368,342,342,19,342,171,345572,434.675012,0.345572,19,1.0,86355,345420,0.0,-100.0,123.0,-100.0,0.0,19
1546,3085448,771362,-100.0,0.0,1368,342,342,19,342,171,345572,435.020584,0.345572,19,1.0,86355,345420,0.0,-100.0,123.0,-100.0,0.0,19
1547,3247840,811960,-100.0,0.0,1376,344,344,20,346,173,363760,435.384344,0.36376,20,1.0,90900,363600,0.0,-100.0,123.0,-100.0,0.0,20
1548,3086136,771534,-100.0,0.0,1248,312,312,19,312,156,345572,435.729916,0.345572,19,1.0,86355,345420,0.0,-100.0,123.0,-100.0,0.0,19
1549,3086312,771578,-100.0,0.0,1240,310,310,19,310,155,345572,436.075488,0.345572,19,1.0,86355,345420,0.0,-100.0,123.0,-100.0,0.0,19
1550,3575560,893890,-100.0,0.0,1404,351,351,22,390,195,400136,436.475624,0.400136,22,1.0,99990,399960,0.0,-100.0,123.0,-100.0,0.0,22
1551,3758752,939688,-100.0,0.0,1632,408,408,23,428,214,418324,436.893948,0.418324,23,1.0,104535,418140,0.0,-100.0,123.0,-100.0,0.0,23
1552,3763104,940776,-100.0,0.0,1760,440,440,23,440,220,418324,437.312272,0.418324,23,1.0,104535,418140,0.0,-100.0,123.0,-100.0,0.0,23
1553,3930256,982564,-100.0,0.0,1788,447,447,24,468,234,436512,437.748784,0.436512,24,1.0,109080,436320,0.0,-100.0,123.0,-100.0,0.0,24
1554,4258680,1064670,-100.0,0.0,2052,513,513,26,560,280,472888,438.221672,0.472888,26,1.0,118170,472680,0.0,-100.0,123.0,-100.0,0.0,26
1555,4418712,1104678,-100.0,0.0,2336,584,584,27,612,306,491076,438.712748,0.491076,27,1.0,122715,490860,0.0,-100.0,123.0,-100.0,0.0,27
1556,4620056,1155014,-100.0,0.0,2520,630,630,28,680,340,509264,439.222012,0.509264,28,1.0,127260,509040,0.0,-100.0,123.0,-100.0,0.0,28
1557,4457152,1114288,-100.0,0.0,2432,608,608,27,608,304,491076,439.713088,0.491076,27,1.0,122715,490860,0.0,-100.0,123.0,-100.0,0.0,27
1558,4621976,1155494,-100.0,0.0,2496,624,624,28,674,337,509264,440.222352,0.509264,28,1.0,127260,509040,0.0,-100.0,123.0,-100.0,0.0,28
1559,4956464,1239116,-100.0,0.0,2836,709,709,30,764,382,545640,440.767992,0.54564,30,1.0,136350,545400,0.0,-100.0,123.0,-100.0,0.0,30
1560,4951736,1237934,-100.0,0.0,2908,727,727,30,754,377,545640,441.313632,0.54564,30,1.0,136350,545400,0.0,-100.0,123.0,-100.0,0.0,30
1561,5284912,1321228,-100.0,0.0,3136,784,784,32,842,421,582016,441.895648,0.582016,32,1.0,145440,581760,0.0,-100.0,123.0,-100.0,0.0,32
1562,4965976,1241494,-100.0,0.0,3200,800,800,30,800,400,545640,442.441288,0.54564,30,1.0,136350,545400,0.0,-100.0,123.0,-100.0,0.0,30
1563,5297392,1324348,-100.0,0.0,3388,847,847,32,906,453,582016,443.023304,0.582016,32,1.0,145440,581760,0.0,-100.0,123.0,-100.0,0.0,32
1564,5468440,1367110,-100.0,0.0,3516,879,879,33,908,454,600204,443.623508,0.600204,33,1.0,149985,599940,0.0,-100.0,123.0,-100.0,0.0,33
1565,5641936,1410484,-100.0,0.0,3928,982,982,34,1014,507,618392,444.2419,0.618392,34,1.0,154530,618120,0.0,-100.0,123.0,-100.0,0.0,34
1566,5476848,1369212,-100.0,0.0,3640,910,910,33,940,470,600204,444.842104,0.600204,33,1.0,149985,599940,0.0,-100.0,123.0,-100.0,0.0,33
1567,5477344,1369336,-100.0,0.0,3720,930,930,33,930,465,600204,445.442308,0.600204,33,1.0,149985,599940,0.0,-100.0,123.0,-100.0,0.0,33
1568,5476808,1369202,-100.0,0.0,3640,910,910,33,940,470,600204,446.042512,0.600204,33,1.0,149985,599940,0.0,-100.0,123.0,-100.0,0.0,33
1569,5501880,1375470,-100.0,0.0,3596,899,899,33,930,465,600204,446.642716,0.600204,33,1.0,149985,599940,0.0,-100.0,123.0,-100.0,0.0,33
1570,5668880,1417220,-100.0,0.0,3684,921,921,34,952,476,618392,447.261108,0.618392,34,1.0,154530,618120,0.0,-100.0,123.0,-100.0,0.0,34
1571,5671680,1417920,-100.0,0.0,3888,972,972,34,972,486,618392,447.8795,0.618392,34,1.0,154530,618120,0.0,-100.0,123.0,-100.0,0.0,34
1572,5679400,1419850,-100.0,0.0,3680,920,920,34,950,475,618392,448.497892,0.618392,34,1.0,154530,618120,0.0,-100.0,123.0,-100.0,0.0,34
1573,5541800,1385450,-100.0,0.0,3480,870,870,33,870,435,600204,449.098096,0.600204,33,1.0,149985,599940,0.0,-100.0,123.0,-100.0,0.0,33
1574,5378584,1344646,-100.0,0.0,3408,852,852,32,852,426,582016,449.680112,0.582016,32,1.0,145440,581760,0.0,-100.0,123.0,-100.0,0.0,32
1575,5544792,1386198,-100.0,0.0,3656,914,914,33,944,472,600204,450.280316,0.600204,33,1.0,149985,599940,0.0,-100.0,123.0,-100.0,0.0,33
1576,5578024,1394506,-100.0,0.0,3704,926,926,33,956,478,600204,450.88052,0.600204,33,1.0,149985,599940,0.0,-100.0,123.0,-100.0,0.0,33
1577,5411344,1352836,-100.0,0.0,3520,880,880,32,880,440,582016,451.462536,0.582016,32,1.0,145440,581760,0.0,-100.0,123.0,-100.0,0.0,32
1578,5242576,1310644,-100.0,0.0,3400,850,850,31,850,425,563828,452.026364,0.563828,31,1.0,140895,563580,0.0,-100.0,123.0,-100.0,0.0,31
1579,5153816,1288454,-100.0,0.0,3324,831,831,30,860,430,545640,452.572004,0.54564,30,1.0,136350,545400,0.0,-100.0,123.0,-100.0,0.0,30
1580,4982200,1245550,-100.0,0.0,3248,812,812,29,812,406,527452,453.099456,0.527452,29,1.0,131805,527220,0.0,-100.0,123.0,-100.0,0.0,29
1581,4810400,1202600,-100.0,0.0,3024,756,756,28,756,378,509264,453.60872,0.509264,28,1.0,127260,509040,0.0,-100.0,123.0,-100.0,0.0,28
1582,4833024,1208256,-100.0,0.0,2740,685,685,28,694,347,509264,454.117984,0.509264,28,1.0,127260,509040,0.0,-100.0,123.0,-100.0,0.0,28
1583,4682232,1170558,-100.0,0.0,2608,652,652,27,652,326,491076,454.60906,0.491076,27,1.0,122715,490860,0.0,-100.0,123.0,-100.0,0.0,27
1584,4857824,1214456,-100.0,0.0,2696,674,674,28,688,344,509264,455.118324,0.509264,28,1.0,127260,509040,0.0,-100.0,123.0,-100.0,0.0,28
1585,4738008,1184502,-100.0,0.0,2496,624,624,27,624,312,491076,455.6094,0.491076,27,1.0,122715,490860,0.0,-100.0,123.0,-100.0,0.0,27
1586,4954928,1238732,-100.0,0.0,2416,604,604,28,618,309,509264,456.118664,0.509264,28,1.0,127260,509040,0.0,-100.0,123.0,-100.0,0.0,28
1587,4963520,1240880,-100.0,0.0,2640,660,660,28,660,330,509264,456.627928,0.509264,28,1.0,127260,509040,0.0,-100.0,123.0,-100.0,0.0,28
1588,4621376,1155344,-100.0,0.0,2248,562,562,26,562,281,472888,457.100816,0.472888,26,1.0,118170,472680,0.0,-100.0,123.0,-100.0,0.0,26
1589,4801256,1200314,-100.0,0.0,2240,560,560,27,586,293,491076,457.591892,0.491076,27,1.0,122715,490860,0.0,-100.0,123.0,-100.0,0.0,27
1590,4624472,1156118,-100.0,0.0,2360,590,590,26,590,295,472888,458.06478,0.472888,26,1.0,118170,472680,0.0,-100.0,123.0,-100.0,0.0,26
1591,4465960,1116490,-100.0,0.0,2112,528,528,25,528,264,454700,458.51948,0.4547,25,1.0,113625,454500,0.0,-100.0,123.0,-100.0,0.0,25
1592,4664376,1166094,-100.0,0.0,2148,537,537,26,552,276,472888,458.992368,0.472888,26,1.0,118170,472680,0.0,-100.0,123.0,-100.0,0.0,26
1593,4667136,1166784,-100.0,0.0,2256,564,564,26,580,290,472888,459.465256,0.472888,26,1.0,118170,472680,0.0,-100.0,123.0,-100.0,0.0,26
1594,4488400,1122100,-100.0,0.0,2160,540,540,25,540,270,454700,459.919956,0.4547,25,1.0,113625,454500,0.0,-100.0,123.0,-100.0,0.0,25
1595,4308864,1077216,-100.0,0.0,1920,480,480,24,480,240,436512,460.356468,0.436512,24,1.0,109080,436320,0.0,-100.0,123.0,-100.0,0.0,24
1596,3776136,944034,-100.0,0.0,1392,348,348,21,348,174,381948,460.738416,0.381948,21,1.0,95445,381780,0.0,-100.0,123.0,-100.0,0.0,21
1597,3780768,945192,-100.0,0.0,1336,334,334,21,334,167,381948,461.120364,0.381948,21,1.0,95445,381780,0.0,-100.0,123.0,-100.0,0.0,21
1598,3633136,908284,-100.0,0.0,1264,316,316,20,316,158,363760,461.484124,0.36376,20,1.0,90900,363600,0.0,-100.0,123.0,-100.0,0.0,20
1599,3457952,864488,-100.0,0.0,1152,288,288,19,288,144,345572,461.829696,0.345572,19,1.0,86355,345420,0.0,-100.0,123.0,-100.0,0.0,19
1600,3281320,820330,-100.0,0.0,912,228,228,18,228,114,327384,462.15708,0.327384,18,1.0,81810,327240,0.0,-100.0,123.0,-100.0,0.0,18
1601,3290768,822692,-100.0,0.0,860,215,215,18,230,115,327384,462.484464,0.327384,18,1.0,81810,327240,0.0,-100.0,123.0,-100.0,0.0,18
1602,3294800,823700,-100.0,0.0,832,208,208,18,208,104,327384,462.811848,0.327384,18,1.0,81810,327240,0.0,-100.0,123.0,-100.0,0.0,18
1603,3478368,869592,-100.0,0.0,880,220,220,19,236,118,345572,463.15742,0.345572,19,1.0,86355,345420,0.0,-100.0,123.0,-100.0,0.0,19
1604,3112880,778220,-100.0,0.0,680,170,170,17,170,85,309196,463.466616,0.309196,17,1.0,77265,309060,0.0,-100.0,123.0,-100.0,0.0,17
1605,3113056,778264,-100.0,0.0,752,188,188,17,188,94,309196,463.775812,0.309196,17,1.0,77265,309060,0.0,-100.0,123.0,-100.0,0.0,17
1606,3296504,824126,-100.0,0.0,716,179,179,18,194,97,327384,464.103196,0.327384,18,1.0,81810,327240,0.0,-100.0,123.0,-100.0,0.0,18
1607,2932768,733192,-100.0,0.0,664,166,166,16,166,83,291008,464.394204,0.291008,16,1.0,72720,290880,0.0,-100.0,123.0,-100.0,0.0,16
1608,2749800,687450,-100.0,0.0,696,174,174,15,174,87,272820,464.667024,0.27282,15,1.0,68175,272700,0.0,-100.0,123.0,-100.0,0.0,15
1609,2566480,641620,-100.0,0.0,616,154,154,14,154,77,254632,464.921656,0.254632,14,1.0,63630,254520,0.0,-100.0,123.0,-100.0,0.0,14
1610,2757184,689296,-100.0,0.0,688,172,172,15,178,89,272820,465.194476,0.27282,15,1.0,68175,272700,0.0,-100.0,123.0,-100.0,0.0,15
1611,2758320,689580,-100.0,0.0,640,160,160,15,174,87,272820,465.467296,0.27282,15,1.0,68175,272700,0.0,-100.0,123.0,-100.0,0.0,15
1612,2760336,690084,-100.0,0.0,656,164,164,15,164,82,272820,465.740116,0.27282,15,1.0,68175,272700,0.0,-100.0,123.0,-100.0,0.0,15
1613,2759888,689972,-100.0,0.0,688,172,172,15,172,86,272820,466.012936,0.27282,15,1.0,68175,272700,0.0,-100.0,123.0,-100.0,0.0,15
1614,2577184,644296,-100.0,0.0,608,152,152,14,152,76,254632,466.267568,0.254632,14,1.0,63630,254520,0.0,-100.0,123.0,-100.0,0.0,14
1615,2761680,690420,-100.0,0.0,640,160,160,15,174,87,272820,466.540388,0.27282,15,1.0,68175,272700,0.0,-100.0,123.0,-100.0,0.0,15
1616,2577568,644392,-100.0,0.0,672,168,168,14,168,84,254632,466.79502,0.254632,14,1.0,63630,254520,0.0,-100.0,123.0,-100.0,0.0,14
1617,2577568,644392,-100.0,0.0,664,166,166,14,166,83,254632,467.049652,0.254632,14,1.0,63630,254520,0.0,-100.0,123.0,-100.0,0.0,14
1618,2577568,644392,-100.0,0.0,712,178,178,14,178,89,254632,467.304284,0.254632,14,1.0,63630,254520,0.0,-100.0,123.0,-100.0,0.0,14
1619,2761680,690420,-100.0,0.0,684,171,171,15,172,86,272820,467.577104,0.27282,15,1.0,68175,272700,0.0,-100.0,123.0,-100.0,0.0,15
1620,2946192,736548,-100.0,0.0,656,164,164,16,178,89,291008,467.868112,0.291008,16,1.0,72720,290880,0.0,-100.0,123.0,-100.0,0.0,16
1621,2765160,691290,-100.0,0.0,656,164,164,15,164,82,272820,468.140932,0.27282,15,1.0,68175,272700,0.0,-100.0,123.0,-100.0,0.0,15
1622,3138952,784738,-100.0,0.0,764,191,191,17,192,96,309196,468.450128,0.309196,17,1.0,77265,309060,0.0,-100.0,123.0,-100.0,0.0,17
1623,3141656,785414,-100.0,0.0,788,197,197,17,198,99,309196,468.759324,0.309196,17,1.0,77265,309060,0.0,-100.0,123.0,-100.0,0.0,17
1624,3511024,877756,-100.0,0.0,868,217,217,19,232,116,345572,469.104896,0.345572,19,1.0,86355,345420,0.0,-100.0,123.0,-100.0,0.0,19
1625,3335952,833988,-100.0,0.0,848,212,212,18,212,106,327384,469.43228,0.327384,18,1.0,81810,327240,0.0,-100.0,123.0,-100.0,0.0,18
1626,3338472,834618,-100.0,0.0,896,224,224,18,224,112,327384,469.759664,0.327384,18,1.0,81810,327240,0.0,-100.0,123.0,-100.0,0.0,18
1627,3159912,789978,-100.0,0.0,880,220,220,17,220,110,309196,470.06886,0.309196,17,1.0,77265,309060,0.0,-100.0,123.0,-100.0,0.0,17
1628,3347184,836796,-100.0,0.0,856,214,214,18,228,114,327384,470.396244,0.327384,18,1.0,81810,327240,0.0,-100.0,123.0,-100.0,0.0,18
1629,3348072,837018,-100.0,0.0,856,214,214,18,214,107,327384,470.723628,0.327384,18,1.0,81810,327240,0.0,-100.0,123.0,-100.0,0.0,18
1630,3348968,837242,-100.0,0.0,844,211,211,18,226,113,327384,471.051012,0.327384,18,1.0,81810,327240,0.0,-100.0,123.0,-100.0,0.0,18
1631,2982896,745724,-100.0,0.0,816,204,204,16,204,102,291008,471.34202,0.291008,16,1.0,72720,290880,0.0,-100.0,123.0,-100.0,0.0,16
1632,3169704,792426,-100.0,0.0,752,188,188,17,216,108,309196,471.651216,0.309196,17,1.0,77265,309060,0.0,-100.0,123.0,-100.0,0.0,17
1633,3170904,792726,-100.0,0.0,912,228,228,17,228,114,309196,471.960412,0.309196,17,1.0,77265,309060,0.0,-100.0,123.0,-100.0,0.0,17
1634,3178792,794698,-100.0,0.0,768,192,192,17,220,110,309196,472.269608,0.309196,17,1.0,77265,309060,0.0,-100.0,123.0,-100.0,0.0,17
1635,3551936,887984,-100.0,0.0,1024,256,256,19,288,144,345572,472.61518,0.345572,19,1.0,86355,345420,0.0,-100.0,123.0,-100.0,0.0,19
1636,3178048,794512,-100.0,0.0,976,244,244,17,244,122,309196,472.924376,0.309196,17,1.0,77265,309060,0.0,-100.0,123.0,-100.0,0.0,17
1637,3185344,796336,-100.0,0.0,840,210,210,17,224,112,309196,473.233572,0.309196,17,1.0,77265,309060,0.0,-100.0,123.0,-100.0,0.0,17
1638,3774368,943592,-100.0,0.0,1064,266,266,20,292,146,363760,473.597332,0.36376,20,1.0,90900,363600,0.0,-100.0,123.0,-100.0,0.0,20
1639,3780912,945228,-100.0,0.0,1240,310,310,20,310,155,363760,473.961092,0.36376,20,1.0,90900,363600,0.0,-100.0,123.0,-100.0,0.0,20
1640,3985760,996440,-100.0,0.0,1296,324,324,21,342,171,381948,474.34304,0.381948,21,1.0,95445,381780,0.0,-100.0,123.0,-100.0,0.0,21
1641,3989600,997400,-100.0,0.0,1264,316,316,21,316,158,381948,474.724988,0.381948,21,1.0,95445,381780,0.0,-100.0,123.0,-100.0,0.0,21
1642,3989840,997460,-100.0,0.0,1240,310,310,21,328,164,381948,475.106936,0.381948,21,1.0,95445,381780,0.0,-100.0,123.0,-100.0,0.0,21
1643,3988608,997152,-100.0,0.0,1288,322,322,21,322,161,381948,475.488884,0.381948,21,1.0,95445,381780,0.0,-100.0,123.0,-100.0,0.0,21
1644,4179976,1044994,-100.0,0.0,1336,334,334,22,352,176,400136,475.88902,0.400136,22,1.0,99990,399960,0.0,-100.0,123.0,-100.0,0.0,22
1645,4181696,1045424,-100.0,0.0,1304,326,326,22,326,163,400136,476.289156,0.400136,22,1.0,99990,399960,0.0,-100.0,123.0,-100.0,0.0,22
1646,4011368,1002842,-100.0,0.0,1192,298,298,21,298,149,381948,476.671104,0.381948,21,1.0,95445,381780,0.0,-100.0,123.0,-100.0,0.0,21
1647,4234512,1058628,-100.0,0.0,1152,288,288,22,292,146,400136,477.07124,0.400136,22,1.0,99990,399960,0.0,-100.0,123.0,-100.0,0.0,22
1648,4080024,1020006,-100.0,0.0,1080,270,270,21,270,135,381948,477.453188,0.381948,21,1.0,95445,381780,0.0,-100.0,123.0,-100.0,0.0,21
1649,3903128,975782,-100.0,0.0,920,230,230,20,230,115,363760,477.816948,0.36376,20,1.0,90900,363600,0.0,-100.0,123.0,-100.0,0.0,20
1650,3905312,976328,-100.0,0.0,928,232,232,20,232,116,363760,478.180708,0.36376,20,1.0,90900,363600,0.0,-100.0,123.0,-100.0,0.0,20
1651,3708424,927106,-100.0,0.0,920,230,230,19,230,115,345572,478.52628,0.345572,19,1.0,86355,345420,0.0,-100.0,123.0,-100.0,0.0,19
1652,3732408,933102,-100.0,0.0,896,224,224,19,224,112,345572,478.871852,0.345572,19,1.0,86355,345420,0.0,-100.0,123.0,-100.0,0.0,19
1653,3928144,982036,-100.0,0.0,948,237,237,20,240,120,363760,479.235612,0.36376,20,1.0,90900,363600,0.0,-100.0,123.0,-100.0,0.0,20
1654,3977648,994412,-100.0,0.0,952,238,238,20,238,119,363760,479.599372,0.36376,20,1.0,90900,363600,0.0,-100.0,123.0,-100.0,0.0,20
1655,3201512,800378,-100.0,0.0,632,158,158,16,158,79,291008,479.89038,0.291008,16,1.0,72720,290880,0.0,-100.0,123.0,-100.0,0.0,16
1656,3206904,801726,-100.0,0.0,552,138,138,16,140,70,291008,480.181388,0.291008,16,1.0,72720,290880,0.0,-100.0,123.0,-100.0,0.0,16
1657,3006400,751600,-100.0,0.0,440,110,110,15,110,55,272820,480.454208,0.27282,15,1.0,68175,272700,0.0,-100.0,123.0,-100.0,0.0,15
1658,2807360,701840,-100.0,0.0,440,110,110,14,110,55,254632,480.70884,0.254632,14,1.0,63630,254520,0.0,-100.0,123.0,-100.0,0.0,14
1659,2608168,652042,-100.0,0.0,344,86,86,13,86,43,236444,480.945284,0.236444,13,1.0,59085,236340,0.0,-100.0,123.0,-100.0,0.0,13
1660,2210928,552732,-100.0,0.0,240,60,60,11,60,30,200068,481.145352,0.200068,11,1.0,49995,199980,0.0,-100.0,123.0,-100.0,0.0,11
1661,1808640,452160,-100.0,0.0,192,48,48,9,48,24,163692,481.309044,0.163692,9,1.0,40905,163620,0.0,-100.0,123.0,-100.0,0.0,9
1662,1406720,351680,-100.0,0.0,136,34,34,7,34,17,127316,481.43636,0.127316,7,1.0,31815,127260,0.0,-100.0,123.0,-100.0,0.0,7
1663,1407056,351764,-100.0,0.0,128,32,32,7,32,16,127316,481.563676,0.127316,7,1.0,31815,127260,0.0,-100.0,123.0,-100.0,0.0,7
1664,1205872,301468,-100.0,0.0,88,22,22,6,22,11,109128,481.672804,0.109128,6,1.0,27270,109080,0.0,-100.0,123.0,-100.0,0.0,6
1665,1005136,251284,-100.0,0.0,64,16,16,5,16,8,90940,481.763744,0.09094,5,1.0,22725,90900,0.0,-100.0,123.0,-100.0,0.0,5
1666,804288,201072,-100.0,0.0,40,10,10,4,10,5,72752,481.836496,0.072752,4,1.0,18180,72720,0.0,-100.0,123.0,-100.0,0.0,4
1667,402144,100536,-100.0,0.0,8,2,2,2,2,1,36376,481.872872,0.036376,2,1.0,9090,36360,0.0,-100.0,123.0,-100.0,0.0,2
1668,603216,150804,-100.0,0.0,16,4,4,3,4,2,54564,481.927436,0.054564,3,1.0,13635,54540,0.0,-100.0,123.0,-100.0,0.0,3
1669,0,0,-100.0,0.0,0,0,0,0,0,0,0,481.927436,0.0,0,1.0,0,0,0.0,-100.0,123.0,-100.0,0.0,0
1670,0,0,-100.0,0.0,0,0,0,0,0,0,0,481.927436,0.0,0,1.0,0,0,0.0,-100.0,123.0,-100.0,0.0,0
1671,0,0,-100.0,0.0,0,0,0,0,0,0,0,481.927436,0.0,0,1.0,0,0,0.0,-100.0,123.0,-100.0,0.0,0
1672,0,0,-100.0,0.0,0,0,0,0,0,0,0,481.927436,0.0,0,1.0,0,0,0.0,-100.0,123.0,-100.0,0.0,0
1673,0,0,-100.0,0.0,0,0,0,0,0,0,0,481.927436,0.0,0,1.0,0,0,0.0,-100.0,123.0,-100.0,0.0,0
1674,201072,50268,-100.0,0.0,4,1,1,1,2,1,18188,481.945624,0.018188,1,1.0,4545,18180,0.0,-100.0,123.0,-100.0,0.0,1
1675,402144,100536,-100.0,0.0,8,2,2,2,2,1,36376,481.982,0.036376,2,1.0,9090,36360,0.0,-100.0,123.0,-100.0,0.0,2
1676,402144,100536,-100.0,0.0,8,2,2,2,2,1,36376,482.018376,0.036376,2,1.0,9090,36360,0.0,-100.0,123.0,-100.0,0.0,2
1677,0,0,-100.0,0.0,0,0,0,0,0,0,0,482.018376,0.0,0,1.0,0,0,0.0,-100.0,123.0,-100.0,0.0,0
1678,0,0,-100.0,0.0,0,0,0,0,0,0,0,482.018376,0.0,0,1.0,0,0,0.0,-100.0,123.0,-100.0,0.0,0
1679,0,0,-100.0,0.0,0,0,0,0,0,0,0,482.018376,0.0,0,1.0,0,0,0.0,-100.0,123.0,-100.0,0.0,0
1680,0,0,-100.0,0.0,0,0,0,0,0,0,0,482.018376,0.0,0,1.0,0,0,0.0,-100.0,123.0,-100.0,0.0,0
1681,0,0,-100.0,0.0,0,0,0,0,0,0,0,482.018376,0.0,0,1.0,0,0,0.0,-100.0,123.0,-100.0,0.0,0
1682,0,0,-100.0,0.0,0,0,0,0,2,1,0,482.018376,0.0,0,1.0,0,0,0.0,-100.0,123.0,-100.0,0.0,0
1683,202512,50628,-100.0,0.0,20,5,5,3,8,4,54564,482.07294,0.054564,3,1.0,13635,54540,0.0,-100.0,123.0,-100.0,0.0,3
1684,1005360,251340,-100.0,0.0,60,15,15,5,18,9,90940,482.16388,0.09094,5,1.0,22725,90900,0.0,-100.0,123.0,-100.0,0.0,5
1685,1005360,251340,-100.0,0.0,64,16,16,5,16,8,90940,482.25482,0.09094,5,1.0,22725,90900,0.0,-100.0,123.0,-100.0,0.0,5
1686,1005360,251340,-100.0,0.0,72,18,18,5,18,9,90940,482.34576,0.09094,5,1.0,22725,90900,0.0,-100.0,123.0,-100.0,0.0,5
1687,1005360,251340,-100.0,0.0,72,18,18,5,18,9,90940,482.4367,0.09094,5,1.0,22725,90900,0.0,-100.0,123.0,-100.0,0.0,5
1688,1206432,301608,-100.0,0.0,76,19,19,6,22,11,109128,482.545828,0.109128,6,1.0,27270,109080,0.0,-100.0,123.0,-100.0,0.0,6
1689,1206432,301608,-100.0,0.0,96,24,24,6,24,12,109128,482.654956,0.109128,6,1.0,27270,109080,0.0,-100.0,123.0,-100.0,0.0,6
1690,1206432,301608,-100.0,0.0,112,28,28,6,28,14,109128,482.764084,0.109128,6,1.0,27270,109080,0.0,-100.0,123.0,-100.0,0.0,6
1691,1206432,301608,-100.0,0.0,112,28,28,6,28,14,109128,482.873212,0.109128,6,1.0,27270,109080,0.0,-100.0,123.0,-100.0,0.0,6
1692,1206432,301608,-100.0,0.0,112,28,28,6,28,14,109128,482.98234,0.109128,6,1.0,27270,109080,0.0,-100.0,123.0,-100.0,0.0,6
1693,1407504,351876,-100.0,0.0,144,36,36,7,42,21,127316,483.109656,0.127316,7,1.0,31815,127260,0.0,-100.0,123.0,-100.0,0.0,7
1694,1407504,351876,-100.0,0.0,168,42,42,7,42,21,127316,483.236972,0.127316,7,1.0,31815,127260,0.0,-100.0,123.0,-100.0,0.0,7
1695,1407504,351876,-100.0,0.0,160,40,40,7,40,20,127316,483.364288,0.127316,7,1.0,31815,127260,0.0,-100.0,123.0,-100.0,0.0,7
1696,1206432,301608,-100.0,0.0,112,28,28,6,28,14,109128,483.473416,0.109128,6,1.0,27270,109080,0.0,-100.0,123.0,-100.0,0.0,6
1697,1206432,301608,-100.0,0.0,112,28,28,6,28,14,109128,483.582544,0.109128,6,1.0,27270,109080,0.0,-100.0,123.0,-100.0,0.0,6
1698,1206432,301608,-100.0,0.0,88,22,22,6,22,11,109128,483.691672,0.109128,6,1.0,27270,109080,0.0,-100.0,123.0,-100.0,0.0,6
1699,1005360,251340,-100.0,0.0,80,20,20,5,20,10,90940,483.782612,0.09094,5,1.0,22725,90900,0.0,-100.0,123.0,-100.0,0.0,5
1700,1005360,251340,-100.0,0.0,80,20,20,5,20,10,90940,483.873552,0.09094,5,1.0,22725,90900,0.0,-100.0,123.0,-100.0,0.0,5
1701,1005360,251340,-100.0,0.0,80,20,20,5,20,10,90940,483.964492,0.09094,5,1.0,22725,90900,0.0,-100.0,123.0,-100.0,0.0,5
1702,1005360,251340,-100.0,0.0,80,20,20,5,20,10,90940,484.055432,0.09094,5,1.0,22725,90900,0.0,-100.0,123.0,-100.0,0.0,5
1703,603216,150804,-100.0,0.0,24,6,6,3,6,3,54564,484.109996,0.054564,3,1.0,13635,54540,0.0,-100.0,123.0,-100.0,0.0,3
1704,603216,150804,-100.0,0.0,24,6,6,3,6,3,54564,484.16456,0.054564,3,1.0,13635,54540,0.0,-100.0,123.0,-100.0,0.0,3
1705,402144,100536,-100.0,0.0,8,2,2,2,2,1,36376,484.200936,0.036376,2,1.0,9090,36360,0.0,-100.0,123.0,-100.0,0.0,2
1706,402144,100536,-100.0,0.0,8,2,2,2,2,1,36376,484.237312,0.036376,2,1.0,9090,36360,0.0,-100.0,123.0,-100.0,0.0,2
1707,402144,100536,-100.0,0.0,8,2,2,2,2,1,36376,484.273688,0.036376,2,1.0,9090,36360,0.0,-100.0,123.0,-100.0,0.0,2
1708,402144,100536,-100.0,0.0,8,2,2,2,2,1,36376,484.310064,0.036376,2,1.0,9090,36360,0.0,-100.0,123.0,-100.0,0.0,2
1709,0,0,-100.0,0.0,0,0,0,0,0,0,0,484.310064,0.0,0,1.0,0,0,0.0,-100.0,123.0,-100.0,0.0,0
1710,0,0,-100.0,0.0,0,0,0,0,0,0,0,484.310064,0.0,0,1.0,0,0,0.0,-100.0,123.0,-100.0,0.0,0
1711,0,0,-100.0,0.0,0,0,0,0,0,0,0,484.310064,0.0,0,1.0,0,0,0.0,-100.0,123.0,-100.0,0.0,0
1712,0,0,-100.0,0.0,0,0,0,0,2,1,0,484.310064,0.0,0,1.0,0,0,0.0,-100.0,123.0,-100.0,0.0,0
1713,704,176,-100.0,0.0,8,2,2,2,2,1,36376,484.34644,0.036376,2,1.0,9090,36360,0.0,-100.0,123.0,-100.0,0.0,2
1714,402944,100736,-100.0,0.0,16,4,4,4,8,4,72752,484.419192,0.072752,4,1.0,18180,72720,0.0,-100.0,123.0,-100.0,0.0,4
1715,1005856,251464,-100.0,0.0,60,15,15,6,18,9,109128,484.52832,0.109128,6,1.0,27270,109080,0.0,-100.0,123.0,-100.0,0.0,6
1716,1207584,301896,-100.0,0.0,88,22,22,7,26,13,127316,484.655636,0.127316,7,1.0,31815,127260,0.0,-100.0,123.0,-100.0,0.0,7
1717,1609456,402364,-100.0,0.0,116,29,29,8,34,17,145504,484.80114,0.145504,8,1.0,36360,145440,0.0,-100.0,123.0,-100.0,0.0,8
1718,1610448,402612,-100.0,0.0,152,38,38,8,38,19,145504,484.946644,0.145504,8,1.0,36360,145440,0.0,-100.0,123.0,-100.0,0.0,8
1719,1409072,352268,-100.0,0.0,116,29,29,7,34,17,127316,485.07396,0.127316,7,1.0,31815,127260,0.0,-100.0,123.0,-100.0,0.0,7
1720,1207776,301944,-100.0,0.0,120,30,30,6,30,15,109128,485.183088,0.109128,6,1.0,27270,109080,0.0,-100.0,123.0,-100.0,0.0,6
1721,1409072,352268,-100.0,0.0,144,36,36,7,42,21,127316,485.310404,0.127316,7,1.0,31815,127260,0.0,-100.0,123.0,-100.0,0.0,7
1722,1610368,402592,-100.0,0.0,168,42,42,8,48,24,145504,485.455908,0.145504,8,1.0,36360,145440,0.0,-100.0,123.0,-100.0,0.0,8
1723,1811664,452916,-100.0,0.0,220,55,55,9,62,31,163692,485.6196,0.163692,9,1.0,40905,163620,0.0,-100.0,123.0,-100.0,0.0,9
1724,1811664,452916,-100.0,0.0,240,60,60,9,60,30,163692,485.783292,0.163692,9,1.0,40905,163620,0.0,-100.0,123.0,-100.0,0.0,9
1725,1811664,452916,-100.0,0.0,240,60,60,9,60,30,163692,485.946984,0.163692,9,1.0,40905,163620,0.0,-100.0,123.0,-100.0,0.0,9
1726,1610368,402592,-100.0,0.0,224,56,56,8,56,28,145504,486.092488,0.145504,8,1.0,36360,145440,0.0,-100.0,123.0,-100.0,0.0,8
1727,1610368,402592,-100.0,0.0,224,56,56,8,56,28,145504,486.237992,0.145504,8,1.0,36360,145440,0.0,-100.0,123.0,-100.0,0.0,8
1728,1610368,402592,-100.0,0.0,224,56,56,8,56,28,145504,486.383496,0.145504,8,1.0,36360,145440,0.0,-100.0,123.0,-100.0,0.0,8
1729,1610368,402592,-100.0,0.0,224,56,56,8,56,28,145504,486.529,0.145504,8,1.0,36360,145440,0.0,-100.0,123.0,-100.0,0.0,8
1730,1811664,452916,-100.0,0.0,256,64,64,9,72,36,163692,486.692692,0.163692,9,1.0,40905,163620,0.0,-100.0,123.0,-100.0,0.0,9
1731,1811664,452916,-100.0,0.0,272,68,68,9,68,34,163692,486.856384,0.163692,9,1.0,40905,163620,0.0,-100.0,123.0,-100.0,0.0,9
1732,1811680,452920,-100.0,0.0,248,62,62,9,62,31,163692,487.020076,0.163692,9,1.0,40905,163620,0.0,-100.0,123.0,-100.0,0.0,9
1733,1811728,452932,-100.0,0.0,224,56,56,9,56,28,163692,487.183768,0.163692,9,1.0,40905,163620,0.0,-100.0,123.0,-100.0,0.0,9
1734,2013120,503280,-100.0,0.0,260,65,65,10,72,36,181880,487.365648,0.18188,10,1.0,45450,181800,0.0,-100.0,123.0,-100.0,0.0,10
1735,2014240,503560,-100.0,0.0,288,72,72,10,72,36,181880,487.547528,0.18188,10,1.0,45450,181800,0.0,-100.0,123.0,-100.0,0.0,10
1736,1812816,453204,-100.0,0.0,264,66,66,9,66,33,163692,487.71122,0.163692,9,1.0,40905,163620,0.0,-100.0,123.0,-100.0,0.0,9
1737,1611984,402996,-100.0,0.0,184,46,46,8,46,23,145504,487.856724,0.145504,8,1.0,36360,145440,0.0,-100.0,123.0,-100.0,0.0,8
1738,1611392,402848,-100.0,0.0,208,52,52,8,52,26,145504,488.002228,0.145504,8,1.0,36360,145440,0.0,-100.0,123.0,-100.0,0.0,8
1739,1613880,403470,-100.0,0.0,208,52,52,8,52,26,145504,488.147732,0.145504,8,1.0,36360,145440,0.0,-100.0,123.0,-100.0,0.0,8
1740,1613760,403440,-100.0,0.0,208,52,52,8,52,26,145504,488.293236,0.145504,8,1.0,36360,145440,0.0,-100.0,123.0,-100.0,0.0,8
1741,1412040,353010,-100.0,0.0,152,38,38,7,38,19,127316,488.420552,0.127316,7,1.0,31815,127260,0.0,-100.0,123.0,-100.0,0.0,7
1742,1412736,353184,-100.0,0.0,120,30,30,7,30,15,127316,488.547868,0.127316,7,1.0,31815,127260,0.0,-100.0,123.0,-100.0,0.0,7
1743,1413000,353250,-100.0,0.0,128,32,32,7,32,16,127316,488.675184,0.127316,7,1.0,31815,127260,0.0,-100.0,123.0,-100.0,0.0,7
1744,807360,201840,-100.0,0.0,48,12,12,4,12,6,72752,488.747936,0.072752,4,1.0,18180,72720,0.0,-100.0,123.0,-100.0,0.0,4
1745,807384,201846,-100.0,0.0,48,12,12,4,12,6,72752,488.820688,0.072752,4,1.0,18180,72720,0.0,-100.0,123.0,-100.0,0.0,4
1746,605544,151386,-100.0,0.0,24,6,6,3,6,3,54564,488.875252,0.054564,3,1.0,13635,54540,0.0,-100.0,123.0,-100.0,0.0,3
1747,403696,100924,-100.0,0.0,8,2,2,2,2,1,36376,488.911628,0.036376,2,1.0,9090,36360,0.0,-100.0,123.0,-100.0,0.0,2
1748,0,0,-100.0,0.0,0,0,0,0,0,0,0,488.911628,0.0,0,1.0,0,0,0.0,-100.0,123.0,-100.0,0.0,0
1749,0,0,-100.0,0.0,0,0,0,0,0,0,0,488.911628,0.0,0,1.0,0,0,0.0,-100.0,123.0,-100.0,0.0,0
1750,0,0,-100.0,0.0,0,0,0,0,0,0,0,488.911628,0.0,0,1.0,0,0,0.0,-100.0,123.0,-100.0,0.0,0
1751,0,0,-100.0,0.0,0,0,0,0,0,0,0,488.911628,0.0,0,1.0,0,0,0.0,-100.0,123.0,-100.0,0.0,0
1752,0,0,-100.0,0.0,0,0,0,0,0,0,0,488.911628,0.0,0,1.0,0,0,0.0,-100.0,123.0,-100.0,0.0,0
1753,0,0,-100.0,0.0,0,0,0,0,0,0,0,488.911628,0.0,0,1.0,0,0,0.0,-100.0,123.0,-100.0,0.0,0
1754,0,0,-100.0,0.0,0,0,0,0,0,0,0,488.911628,0.0,0,1.0,0,0,0.0,-100.0,123.0,-100.0,0.0,0
1755,0,0,-100.0,0.0,0,0,0,0,0,0,0,488.911628,0.0,0,1.0,0,0,0.0,-100.0,123.0,-100.0,0.0,0
1756,0,0,-100.0,0.0,0,0,0,0,0,0,0,488.911628,0.0,0,1.0,0,0,0.0,-100.0,123.0,-100.0,0.0,0
1757,0,0,-100.0,0.0,0,0,0,0,0,0,0,488.911628,0.0,0,1.0,0,0,0.0,-100.0,123.0,-100.0,0.0,0
1758,0,0,-100.0,0.0,0,0,0,0,0,0,0,488.911628,0.0,0,1.0,0,0,0.0,-100.0,123.0,-100.0,0.0,0
1759,0,0,-100.0,0.0,0,0,0,0,0,0,0,488.911628,0.0,0,1.0,0,0,0.0,-100.0,123.0,-100.0,0.0,0
1760,0,0,-100.0,0.0,0,0,0,0,0,0,0,488.911628,0.0,0,1.0,0,0,0.0,-100.0,123.0,-100.0,0.0,0
1761,0,0,-100.0,0.0,0,0,0,0,0,0,0,488.911628,0.0,0,1.0,0,0,0.0,-100.0,123.0,-100.0,0.0,0
1762,0,0,-100.0,0.0,0,0,0,0,0,0,0,488.911628,0.0,0,1.0,0,0,0.0,-100.0,123.0,-100.0,0.0,0
1763,0,0,-100.0,0.0,0,0,0,0,0,0,0,488.911628,0.0,0,1.0,0,0,0.0,-100.0,123.0,-100.0,0.0,0
1764,0,0,-100.0,0.0,0,0,0,0,0,0,0,488.911628,0.0,0,1.0,0,0,0.0,-100.0,123.0,-100.0,0.0,0
1765,0,0,-100.0,0.0,0,0,0,0,0,0,0,488.911628,0.0,0,1.0,0,0,0.0,-100.0,123.0,-100.0,0.0,0
1766,0,0,-100.0,0.0,0,0,0,0,0,0,0,488.911628,0.0,0,1.0,0,0,0.0,-100.0,123.0,-100.0,0.0,0
1767,0,0,-100.0,0.0,0,0,0,0,0,0,0,488.911628,0.0,0,1.0,0,0,0.0,-100.0,123.0,-100.0,0.0,0
1768,0,0,-100.0,0.0,0,0,0,0,0,0,0,488.911628,0.0,0,1.0,0,0,0.0,-100.0,123.0,-100.0,0.0,0
1769,0,0,-100.0,0.0,0,0,0,0,0,0,0,488.911628,0.0,0,1.0,0,0,0.0,-100.0,123.0,-100.0,0.0,0
1770,0,0,-100.0,0.0,0,0,0,0,0,0,0,488.911628,0.0,0,1.0,0,0,0.0,-100.0,123.0,-100.0,0.0,0
1771,0,0,-100.0,0.0,0,0,0,0,0,0,0,488.911628,0.0,0,1.0,0,0,0.0,-100.0,123.0,-100.0,0.0,0
1772,0,0,-100.0,0.0,0,0,0,0,0,0,0,488.911628,0.0,0,1.0,0,0,0.0,-100.0,123.0,-100.0,0.0,0
1773,0,0,-100.0,0.0,0,0,0,0,0,0,0,488.911628,0.0,0,1.0,0,0,0.0,-100.0,123.0,-100.0,0.0,0
1774,0,0,-100.0,0.0,0,0,0,0,2,1,0,488.911628,0.0,0,1.0,0,0,0.0,-100.0,123.0,-100.0,0.0,0
1775,2784,696,-100.0,0.0,16,4,4,3,6,3,54564,488.966192,0.054564,3,1.0,13635,54540,0.0,-100.0,123.0,-100.0,0.0,3
1776,10288,2572,-100.0,0.0,36,9,9,4,12,6,72752,489.038944,0.072752,4,1.0,18180,72720,0.0,-100.0,123.0,-100.0,0.0,4
1777,26864,6716,-100.0,0.0,64,16,16,5,20,10,90940,489.129884,0.09094,5,1.0,22725,90900,0.0,-100.0,123.0,-100.0,0.0,5
1778,47296,11824,-100.0,0.0,92,23,23,6,28,14,109128,489.239012,0.109128,6,1.0,27270,109080,0.0,-100.0,123.0,-100.0,0.0,6
1779,66096,16524,-100.0,0.0,112,28,28,6,28,14,109128,489.34814,0.109128,6,1.0,27270,109080,0.0,-100.0,123.0,-100.0,0.0,6
1780,102104,25526,-100.0,0.0,136,34,34,7,40,20,127316,489.475456,0.127316,7,1.0,31815,127260,0.0,-100.0,123.0,-100.0,0.0,7
1781,150584,37646,-100.0,0.0,180,45,45,8,52,26,145504,489.62096,0.145504,8,1.0,36360,145440,0.0,-100.0,123.0,-100.0,0.0,8
1782,182416,45604,-100.0,0.0,208,52,52,8,52,26,145504,489.766464,0.145504,8,1.0,36360,145440,0.0,-100.0,123.0,-100.0,0.0,8
1783,237992,59498,-100.0,0.0,236,59,59,9,66,33,163692,489.930156,0.163692,9,1.0,40905,163620,0.0,-100.0,123.0,-100.0,0.0,9
1784,270072,67518,-100.0,0.0,248,62,62,9,62,31,163692,490.093848,0.163692,9,1.0,40905,163620,0.0,-100.0,123.0,-100.0,0.0,9
1785,352064,88016,-100.0,0.0,296,74,74,10,82,41,181880,490.275728,0.18188,10,1.0,45450,181800,0.0,-100.0,123.0,-100.0,0.0,10
1786,400800,100200,-100.0,0.0,304,76,76,10,76,38,181880,490.457608,0.18188,10,1.0,45450,181800,0.0,-100.0,123.0,-100.0,0.0,10
1787,435696,108924,-100.0,0.0,304,76,76,10,76,38,181880,490.639488,0.18188,10,1.0,45450,181800,0.0,-100.0,123.0,-100.0,0.0,10
1788,441488,110372,-100.0,0.0,264,66,66,9,66,33,163692,490.80318,0.163692,9,1.0,40905,163620,0.0,-100.0,123.0,-100.0,0.0,9
1789,531304,132826,-100.0,0.0,288,72,72,9,72,36,163692,490.966872,0.163692,9,1.0,40905,163620,0.0,-100.0,123.0,-100.0,0.0,9
1790,577536,144384,-100.0,0.0,288,72,72,9,72,36,163692,491.130564,0.163692,9,1.0,40905,163620,0.0,-100.0,123.0,-100.0,0.0,9
1791,542528,135632,-100.0,0.0,224,56,56,8,56,28,145504,491.276068,0.145504,8,1.0,36360,145440,0.0,-100.0,123.0,-100.0,0.0,8
1792,575488,143872,-100.0,0.0,224,56,56,8,56,28,145504,491.421572,0.145504,8,1.0,36360,145440,0.0,-100.0,123.0,-100.0,0.0,8
1793,447424,111856,-100.0,0.0,120,30,30,6,30,15,109128,491.5307,0.109128,6,1.0,27270,109080,0.0,-100.0,123.0,-100.0,0.0,6
1794,529808,132452,-100.0,0.0,144,36,36,7,42,21,127316,491.658016,0.127316,7,1.0,31815,127260,0.0,-100.0,123.0,-100.0,0.0,7
1795,614216,153554,-100.0,0.0,196,49,49,8,56,28,145504,491.80352,0.145504,8,1.0,36360,145440,0.0,-100.0,123.0,-100.0,0.0,8
1796,620776,155194,-100.0,0.0,224,56,56,8,56,28,145504,491.949024,0.145504,8,1.0,36360,145440,0.0,-100.0,123.0,-100.0,0.0,8
1797,789840,197460,-100.0,0.0,288,72,72,10,90,45,181880,492.130904,0.18188,10,1.0,45450,181800,0.0,-100.0,123.0,-100.0,0.0,10
1798,882816,220704,-100.0,0.0,372,93,93,11,96,48,200068,492.330972,0.200068,11,1.0,49995,199980,0.0,-100.0,123.0,-100.0,0.0,11
1799,968960,242240,-100.0,0.0,376,94,94,12,114,57,218256,492.549228,0.218256,12,1.0,54540,218160,0.0,-100.0,123.0,-100.0,0.0,12
